# X Y Z
-4.000000000000000000e+00 -4.000000000000000000e+00 4.000000000102618358e+00
-3.700000000000000178e+00 -4.000000000000000000e+00 4.000000000459905891e+00
-3.400000000000000355e+00 -4.000000000000000000e+00 4.000000002061153914e+00
-3.100000000000000533e+00 -4.000000000000000000e+00 4.000000009237449916e+00
-2.800000000000000711e+00 -4.000000000000000000e+00 4.000000041399377260e+00
-2.500000000000000888e+00 -4.000000000000000000e+00 4.000000185539136055e+00
-2.200000000000001066e+00 -4.000000000000000000e+00 4.000000831528718770e+00
-1.900000000000001243e+00 -4.000000000000000000e+00 4.000003726653171832e+00
-1.600000000000001421e+00 -4.000000000000000000e+00 4.000016701700790378e+00
-1.300000000000001599e+00 -4.000000000000000000e+00 4.000074851829888090e+00
-1.000000000000001776e+00 -4.000000000000000000e+00 4.000335462627902849e+00
-7.000000000000019540e-01 -4.000000000000000000e+00 4.001503439192977574e+00
-4.000000000000021316e-01 -4.000000000000000000e+00 4.006737946999085587e+00
-1.000000000000023093e-01 -4.000000000000000000e+00 4.030197383422318147e+00
1.999999999999975131e-01 -4.000000000000000000e+00 4.135335283236610593e+00
4.999999999999973355e-01 -4.000000000000000000e+00 4.606530659712625209e+00
7.999999999999971578e-01 -4.000000000000000000e+00 6.718281828459006455e+00
1.099999999999996980e+00 -4.000000000000000000e+00 1.618249396070329027e+01
1.399999999999996803e+00 -4.000000000000000000e+00 5.859815003314336934e+01
1.699999999999996625e+00 -4.000000000000000000e+00 2.486919322642160353e+02
1.999999999999996447e+00 -4.000000000000000000e+00 1.100633158428439174e+03
2.299999999999996270e+00 -4.000000000000000000e+00 4.918768840299047042e+03
2.599999999999996092e+00 -4.000000000000000000e+00 2.203046579480628498e+04
2.899999999999995914e+00 -4.000000000000000000e+00 9.871977101075839892e+04
3.199999999999995737e+00 -4.000000000000000000e+00 4.424173920089110616e+05
3.499999999999995559e+00 -4.000000000000000000e+00 1.982763263537526596e+06
3.799999999999995381e+00 -4.000000000000000000e+00 8.886114520507683977e+06
-4.000000000000000000e+00 -3.700000000000000178e+00 3.700000000102618980e+00
-3.700000000000000178e+00 -3.700000000000000178e+00 3.700000000459905625e+00
-3.400000000000000355e+00 -3.700000000000000178e+00 3.700000002061153648e+00
-3.100000000000000533e+00 -3.700000000000000178e+00 3.700000009237449650e+00
-2.800000000000000711e+00 -3.700000000000000178e+00 3.700000041399377437e+00
-2.500000000000000888e+00 -3.700000000000000178e+00 3.700000185539136233e+00
-2.200000000000001066e+00 -3.700000000000000178e+00 3.700000831528719392e+00
-1.900000000000001243e+00 -3.700000000000000178e+00 3.700003726653172453e+00
-1.600000000000001421e+00 -3.700000000000000178e+00 3.700016701700790556e+00
-1.300000000000001599e+00 -3.700000000000000178e+00 3.700074851829887823e+00
-1.000000000000001776e+00 -3.700000000000000178e+00 3.700335462627902583e+00
-7.000000000000019540e-01 -3.700000000000000178e+00 3.701503439192977751e+00
-4.000000000000021316e-01 -3.700000000000000178e+00 3.706737946999085764e+00
-1.000000000000023093e-01 -3.700000000000000178e+00 3.730197383422318325e+00
1.999999999999975131e-01 -3.700000000000000178e+00 3.835335283236611215e+00
4.999999999999973355e-01 -3.700000000000000178e+00 4.306530659712625386e+00
7.999999999999971578e-01 -3.700000000000000178e+00 6.418281828459006633e+00
1.099999999999996980e+00 -3.700000000000000178e+00 1.588249396070328956e+01
1.399999999999996803e+00 -3.700000000000000178e+00 5.829815003314337218e+01
1.699999999999996625e+00 -3.700000000000000178e+00 2.483919322642160239e+02
1.999999999999996447e+00 -3.700000000000000178e+00 1.100333158428439219e+03
2.299999999999996270e+00 -3.700000000000000178e+00 4.918468840299046860e+03
2.599999999999996092e+00 -3.700000000000000178e+00 2.203016579480628570e+04
2.899999999999995914e+00 -3.700000000000000178e+00 9.871947101075839601e+04
3.199999999999995737e+00 -3.700000000000000178e+00 4.424170920089110732e+05
3.499999999999995559e+00 -3.700000000000000178e+00 1.982762963537526550e+06
3.799999999999995381e+00 -3.700000000000000178e+00 8.886114220507683232e+06
-4.000000000000000000e+00 -3.400000000000000355e+00 3.400000000102619158e+00
-3.700000000000000178e+00 -3.400000000000000355e+00 3.400000000459905802e+00
-3.400000000000000355e+00 -3.400000000000000355e+00 3.400000002061153825e+00
-3.100000000000000533e+00 -3.400000000000000355e+00 3.400000009237449827e+00
-2.800000000000000711e+00 -3.400000000000000355e+00 3.400000041399377615e+00
-2.500000000000000888e+00 -3.400000000000000355e+00 3.400000185539136410e+00
-2.200000000000001066e+00 -3.400000000000000355e+00 3.400000831528719569e+00
-1.900000000000001243e+00 -3.400000000000000355e+00 3.400003726653172631e+00
-1.600000000000001421e+00 -3.400000000000000355e+00 3.400016701700790733e+00
-1.300000000000001599e+00 -3.400000000000000355e+00 3.400074851829888001e+00
-1.000000000000001776e+00 -3.400000000000000355e+00 3.400335462627902761e+00
-7.000000000000019540e-01 -3.400000000000000355e+00 3.401503439192977929e+00
-4.000000000000021316e-01 -3.400000000000000355e+00 3.406737946999085942e+00
-1.000000000000023093e-01 -3.400000000000000355e+00 3.430197383422318502e+00
1.999999999999975131e-01 -3.400000000000000355e+00 3.535335283236611392e+00
4.999999999999973355e-01 -3.400000000000000355e+00 4.006530659712625564e+00
7.999999999999971578e-01 -3.400000000000000355e+00 6.118281828459006810e+00
1.099999999999996980e+00 -3.400000000000000355e+00 1.558249396070329063e+01
1.399999999999996803e+00 -3.400000000000000355e+00 5.799815003314336792e+01
1.699999999999996625e+00 -3.400000000000000355e+00 2.480919322642160409e+02
1.999999999999996447e+00 -3.400000000000000355e+00 1.100033158428439265e+03
2.299999999999996270e+00 -3.400000000000000355e+00 4.918168840299046678e+03
2.599999999999996092e+00 -3.400000000000000355e+00 2.202986579480628643e+04
2.899999999999995914e+00 -3.400000000000000355e+00 9.871917101075839309e+04
3.199999999999995737e+00 -3.400000000000000355e+00 4.424167920089110848e+05
3.499999999999995559e+00 -3.400000000000000355e+00 1.982762663537526503e+06
3.799999999999995381e+00 -3.400000000000000355e+00 8.886113920507684350e+06
-4.000000000000000000e+00 -3.100000000000000533e+00 3.100000000102619335e+00
-3.700000000000000178e+00 -3.100000000000000533e+00 3.100000000459905980e+00
-3.400000000000000355e+00 -3.100000000000000533e+00 3.100000002061154003e+00
-3.100000000000000533e+00 -3.100000000000000533e+00 3.100000009237450005e+00
-2.800000000000000711e+00 -3.100000000000000533e+00 3.100000041399377793e+00
-2.500000000000000888e+00 -3.100000000000000533e+00 3.100000185539136588e+00
-2.200000000000001066e+00 -3.100000000000000533e+00 3.100000831528719747e+00
-1.900000000000001243e+00 -3.100000000000000533e+00 3.100003726653172809e+00
-1.600000000000001421e+00 -3.100000000000000533e+00 3.100016701700790911e+00
-1.300000000000001599e+00 -3.100000000000000533e+00 3.100074851829888178e+00
-1.000000000000001776e+00 -3.100000000000000533e+00 3.100335462627902938e+00
-7.000000000000019540e-01 -3.100000000000000533e+00 3.101503439192978107e+00
-4.000000000000021316e-01 -3.100000000000000533e+00 3.106737946999086120e+00
-1.000000000000023093e-01 -3.100000000000000533e+00 3.130197383422318680e+00
1.999999999999975131e-01 -3.100000000000000533e+00 3.235335283236611570e+00
4.999999999999973355e-01 -3.100000000000000533e+00 3.706530659712625742e+00
7.999999999999971578e-01 -3.100000000000000533e+00 5.818281828459006988e+00
1.099999999999996980e+00 -3.100000000000000533e+00 1.528249396070329169e+01
1.399999999999996803e+00 -3.100000000000000533e+00 5.769815003314337076e+01
1.699999999999996625e+00 -3.100000000000000533e+00 2.477919322642160296e+02
1.999999999999996447e+00 -3.100000000000000533e+00 1.099733158428439083e+03
2.299999999999996270e+00 -3.100000000000000533e+00 4.917868840299047406e+03
2.599999999999996092e+00 -3.100000000000000533e+00 2.202956579480628352e+04
2.899999999999995914e+00 -3.100000000000000533e+00 9.871887101075840474e+04
3.199999999999995737e+00 -3.100000000000000533e+00 4.424164920089110383e+05
3.499999999999995559e+00 -3.100000000000000533e+00 1.982762363537526689e+06
3.799999999999995381e+00 -3.100000000000000533e+00 8.886113620507683605e+06
-4.000000000000000000e+00 -2.800000000000000711e+00 2.800000000102619513e+00
-3.700000000000000178e+00 -2.800000000000000711e+00 2.800000000459906158e+00
-3.400000000000000355e+00 -2.800000000000000711e+00 2.800000002061154181e+00
-3.100000000000000533e+00 -2.800000000000000711e+00 2.800000009237450183e+00
-2.800000000000000711e+00 -2.800000000000000711e+00 2.800000041399377970e+00
-2.500000000000000888e+00 -2.800000000000000711e+00 2.800000185539136766e+00
-2.200000000000001066e+00 -2.800000000000000711e+00 2.800000831528719925e+00
-1.900000000000001243e+00 -2.800000000000000711e+00 2.800003726653172986e+00
-1.600000000000001421e+00 -2.800000000000000711e+00 2.800016701700791089e+00
-1.300000000000001599e+00 -2.800000000000000711e+00 2.800074851829888356e+00
-1.000000000000001776e+00 -2.800000000000000711e+00 2.800335462627903116e+00
-7.000000000000019540e-01 -2.800000000000000711e+00 2.801503439192978284e+00
-4.000000000000021316e-01 -2.800000000000000711e+00 2.806737946999086297e+00
-1.000000000000023093e-01 -2.800000000000000711e+00 2.830197383422318858e+00
1.999999999999975131e-01 -2.800000000000000711e+00 2.935335283236611748e+00
4.999999999999973355e-01 -2.800000000000000711e+00 3.406530659712625919e+00
7.999999999999971578e-01 -2.800000000000000711e+00 5.518281828459007166e+00
1.099999999999996980e+00 -2.800000000000000711e+00 1.498249396070329098e+01
1.399999999999996803e+00 -2.800000000000000711e+00 5.739815003314336650e+01
1.699999999999996625e+00 -2.800000000000000711e+00 2.474919322642160466e+02
1.999999999999996447e+00 -2.800000000000000711e+00 1.099433158428439128e+03
2.299999999999996270e+00 -2.800000000000000711e+00 4.917568840299047224e+03
2.599999999999996092e+00 -2.800000000000000711e+00 2.202926579480628425e+04
2.899999999999995914e+00 -2.800000000000000711e+00 9.871857101075840183e+04
3.199999999999995737e+00 -2.800000000000000711e+00 4.424161920089110499e+05
3.499999999999995559e+00 -2.800000000000000711e+00 1.982762063537526643e+06
3.799999999999995381e+00 -2.800000000000000711e+00 8.886113320507684723e+06
-4.000000000000000000e+00 -2.500000000000000888e+00 2.500000000102619691e+00
-3.700000000000000178e+00 -2.500000000000000888e+00 2.500000000459906335e+00
-3.400000000000000355e+00 -2.500000000000000888e+00 2.500000002061154358e+00
-3.100000000000000533e+00 -2.500000000000000888e+00 2.500000009237450360e+00
-2.800000000000000711e+00 -2.500000000000000888e+00 2.500000041399378148e+00
-2.500000000000000888e+00 -2.500000000000000888e+00 2.500000185539136943e+00
-2.200000000000001066e+00 -2.500000000000000888e+00 2.500000831528720102e+00
-1.900000000000001243e+00 -2.500000000000000888e+00 2.500003726653173164e+00
-1.600000000000001421e+00 -2.500000000000000888e+00 2.500016701700791266e+00
-1.300000000000001599e+00 -2.500000000000000888e+00 2.500074851829888534e+00
-1.000000000000001776e+00 -2.500000000000000888e+00 2.500335462627903294e+00
-7.000000000000019540e-01 -2.500000000000000888e+00 2.501503439192978462e+00
-4.000000000000021316e-01 -2.500000000000000888e+00 2.506737946999086475e+00
-1.000000000000023093e-01 -2.500000000000000888e+00 2.530197383422319035e+00
1.999999999999975131e-01 -2.500000000000000888e+00 2.635335283236611925e+00
4.999999999999973355e-01 -2.500000000000000888e+00 3.106530659712626097e+00
7.999999999999971578e-01 -2.500000000000000888e+00 5.218281828459007343e+00
1.099999999999996980e+00 -2.500000000000000888e+00 1.468249396070329027e+01
1.399999999999996803e+00 -2.500000000000000888e+00 5.709815003314336934e+01
1.699999999999996625e+00 -2.500000000000000888e+00 2.471919322642160353e+02
1.999999999999996447e+00 -2.500000000000000888e+00 1.099133158428439174e+03
2.299999999999996270e+00 -2.500000000000000888e+00 4.917268840299047042e+03
2.599999999999996092e+00 -2.500000000000000888e+00 2.202896579480628498e+04
2.899999999999995914e+00 -2.500000000000000888e+00 9.871827101075839892e+04
3.199999999999995737e+00 -2.500000000000000888e+00 4.424158920089110616e+05
3.499999999999995559e+00 -2.500000000000000888e+00 1.982761763537526596e+06
3.799999999999995381e+00 -2.500000000000000888e+00 8.886113020507683977e+06
-4.000000000000000000e+00 -2.200000000000001066e+00 2.200000000102619868e+00
-3.700000000000000178e+00 -2.200000000000001066e+00 2.200000000459906513e+00
-3.400000000000000355e+00 -2.200000000000001066e+00 2.200000002061154536e+00
-3.100000000000000533e+00 -2.200000000000001066e+00 2.200000009237450538e+00
-2.800000000000000711e+00 -2.200000000000001066e+00 2.200000041399378325e+00
-2.500000000000000888e+00 -2.200000000000001066e+00 2.200000185539137121e+00
-2.200000000000001066e+00 -2.200000000000001066e+00 2.200000831528720280e+00
-1.900000000000001243e+00 -2.200000000000001066e+00 2.200003726653173342e+00
-1.600000000000001421e+00 -2.200000000000001066e+00 2.200016701700791444e+00
-1.300000000000001599e+00 -2.200000000000001066e+00 2.200074851829888711e+00
-1.000000000000001776e+00 -2.200000000000001066e+00 2.200335462627903471e+00
-7.000000000000019540e-01 -2.200000000000001066e+00 2.201503439192978639e+00
-4.000000000000021316e-01 -2.200000000000001066e+00 2.206737946999086653e+00
-1.000000000000023093e-01 -2.200000000000001066e+00 2.230197383422319213e+00
1.999999999999975131e-01 -2.200000000000001066e+00 2.335335283236612103e+00
4.999999999999973355e-01 -2.200000000000001066e+00 2.806530659712626274e+00
7.999999999999971578e-01 -2.200000000000001066e+00 4.918281828459007521e+00
1.099999999999996980e+00 -2.200000000000001066e+00 1.438249396070329134e+01
1.399999999999996803e+00 -2.200000000000001066e+00 5.679815003314337218e+01
1.699999999999996625e+00 -2.200000000000001066e+00 2.468919322642160239e+02
1.999999999999996447e+00 -2.200000000000001066e+00 1.098833158428439219e+03
2.299999999999996270e+00 -2.200000000000001066e+00 4.916968840299046860e+03
2.599999999999996092e+00 -2.200000000000001066e+00 2.202866579480628570e+04
2.899999999999995914e+00 -2.200000000000001066e+00 9.871797101075839601e+04
3.199999999999995737e+00 -2.200000000000001066e+00 4.424155920089110732e+05
3.499999999999995559e+00 -2.200000000000001066e+00 1.982761463537526550e+06
3.799999999999995381e+00 -2.200000000000001066e+00 8.886112720507683232e+06
-4.000000000000000000e+00 -1.900000000000001243e+00 1.900000000102620046e+00
-3.700000000000000178e+00 -1.900000000000001243e+00 1.900000000459906691e+00
-3.400000000000000355e+00 -1.900000000000001243e+00 1.900000002061154936e+00
-3.100000000000000533e+00 -1.900000000000001243e+00 1.900000009237450938e+00
-2.800000000000000711e+00 -1.900000000000001243e+00 1.900000041399378503e+00
-2.500000000000000888e+00 -1.900000000000001243e+00 1.900000185539137521e+00
-2.200000000000001066e+00 -1.900000000000001243e+00 1.900000831528720457e+00
-1.900000000000001243e+00 -1.900000000000001243e+00 1.900003726653173297e+00
-1.600000000000001421e+00 -1.900000000000001243e+00 1.900016701700791399e+00
-1.300000000000001599e+00 -1.900000000000001243e+00 1.900074851829888889e+00
-1.000000000000001776e+00 -1.900000000000001243e+00 1.900335462627903649e+00
-7.000000000000019540e-01 -1.900000000000001243e+00 1.901503439192978817e+00
-4.000000000000021316e-01 -1.900000000000001243e+00 1.906737946999086608e+00
-1.000000000000023093e-01 -1.900000000000001243e+00 1.930197383422319390e+00
1.999999999999975131e-01 -1.900000000000001243e+00 2.035335283236612280e+00
4.999999999999973355e-01 -1.900000000000001243e+00 2.506530659712626452e+00
7.999999999999971578e-01 -1.900000000000001243e+00 4.618281828459007698e+00
1.099999999999996980e+00 -1.900000000000001243e+00 1.408249396070329240e+01
1.399999999999996803e+00 -1.900000000000001243e+00 5.649815003314336792e+01
1.699999999999996625e+00 -1.900000000000001243e+00 2.465919322642160409e+02
1.999999999999996447e+00 -1.900000000000001243e+00 1.098533158428439265e+03
2.299999999999996270e+00 -1.900000000000001243e+00 4.916668840299046678e+03
2.599999999999996092e+00 -1.900000000000001243e+00 2.202836579480628643e+04
2.899999999999995914e+00 -1.900000000000001243e+00 9.871767101075839309e+04
3.199999999999995737e+00 -1.900000000000001243e+00 4.424152920089110848e+05
3.499999999999995559e+00 -1.900000000000001243e+00 1.982761163537526503e+06
3.799999999999995381e+00 -1.900000000000001243e+00 8.886112420507684350e+06
-4.000000000000000000e+00 -1.600000000000001421e+00 1.600000000102620223e+00
-3.700000000000000178e+00 -1.600000000000001421e+00 1.600000000459906868e+00
-3.400000000000000355e+00 -1.600000000000001421e+00 1.600000002061155113e+00
-3.100000000000000533e+00 -1.600000000000001421e+00 1.600000009237451115e+00
-2.800000000000000711e+00 -1.600000000000001421e+00 1.600000041399378681e+00
-2.500000000000000888e+00 -1.600000000000001421e+00 1.600000185539137698e+00
-2.200000000000001066e+00 -1.600000000000001421e+00 1.600000831528720635e+00
-1.900000000000001243e+00 -1.600000000000001421e+00 1.600003726653173475e+00
-1.600000000000001421e+00 -1.600000000000001421e+00 1.600016701700791577e+00
-1.300000000000001599e+00 -1.600000000000001421e+00 1.600074851829889067e+00
-1.000000000000001776e+00 -1.600000000000001421e+00 1.600335462627903826e+00
-7.000000000000019540e-01 -1.600000000000001421e+00 1.601503439192978995e+00
-4.000000000000021316e-01 -1.600000000000001421e+00 1.606737946999086786e+00
-1.000000000000023093e-01 -1.600000000000001421e+00 1.630197383422319568e+00
1.999999999999975131e-01 -1.600000000000001421e+00 1.735335283236612458e+00
4.999999999999973355e-01 -1.600000000000001421e+00 2.206530659712626630e+00
7.999999999999971578e-01 -1.600000000000001421e+00 4.318281828459007876e+00
1.099999999999996980e+00 -1.600000000000001421e+00 1.378249396070329169e+01
1.399999999999996803e+00 -1.600000000000001421e+00 5.619815003314337076e+01
1.699999999999996625e+00 -1.600000000000001421e+00 2.462919322642160296e+02
1.999999999999996447e+00 -1.600000000000001421e+00 1.098233158428439083e+03
2.299999999999996270e+00 -1.600000000000001421e+00 4.916368840299047406e+03
2.599999999999996092e+00 -1.600000000000001421e+00 2.202806579480628352e+04
2.899999999999995914e+00 -1.600000000000001421e+00 9.871737101075840474e+04
3.199999999999995737e+00 -1.600000000000001421e+00 4.424149920089110383e+05
3.499999999999995559e+00 -1.600000000000001421e+00 1.982760863537526689e+06
3.799999999999995381e+00 -1.600000000000001421e+00 8.886112120507683605e+06
-4.000000000000000000e+00 -1.300000000000001599e+00 1.300000000102620401e+00
-3.700000000000000178e+00 -1.300000000000001599e+00 1.300000000459907046e+00
-3.400000000000000355e+00 -1.300000000000001599e+00 1.300000002061155291e+00
-3.100000000000000533e+00 -1.300000000000001599e+00 1.300000009237451293e+00
-2.800000000000000711e+00 -1.300000000000001599e+00 1.300000041399378858e+00
-2.500000000000000888e+00 -1.300000000000001599e+00 1.300000185539137876e+00
-2.200000000000001066e+00 -1.300000000000001599e+00 1.300000831528720813e+00
-1.900000000000001243e+00 -1.300000000000001599e+00 1.300003726653173652e+00
-1.600000000000001421e+00 -1.300000000000001599e+00 1.300016701700791755e+00
-1.300000000000001599e+00 -1.300000000000001599e+00 1.300074851829889244e+00
-1.000000000000001776e+00 -1.300000000000001599e+00 1.300335462627904004e+00
-7.000000000000019540e-01 -1.300000000000001599e+00 1.301503439192979172e+00
-4.000000000000021316e-01 -1.300000000000001599e+00 1.306737946999086963e+00
-1.000000000000023093e-01 -1.300000000000001599e+00 1.330197383422319746e+00
1.999999999999975131e-01 -1.300000000000001599e+00 1.435335283236612636e+00
4.999999999999973355e-01 -1.300000000000001599e+00 1.906530659712626807e+00
7.999999999999971578e-01 -1.300000000000001599e+00 4.018281828459008054e+00
1.099999999999996980e+00 -1.300000000000001599e+00 1.348249396070329098e+01
1.399999999999996803e+00 -1.300000000000001599e+00 5.589815003314337361e+01
1.699999999999996625e+00 -1.300000000000001599e+00 2.459919322642160466e+02
1.999999999999996447e+00 -1.300000000000001599e+00 1.097933158428439128e+03
2.299999999999996270e+00 -1.300000000000001599e+00 4.916068840299047224e+03
2.599999999999996092e+00 -1.300000000000001599e+00 2.202776579480628425e+04
2.899999999999995914e+00 -1.300000000000001599e+00 9.871707101075840183e+04
3.199999999999995737e+00 -1.300000000000001599e+00 4.424146920089110499e+05
3.499999999999995559e+00 -1.300000000000001599e+00 1.982760563537526643e+06
3.799999999999995381e+00 -1.300000000000001599e+00 8.886111820507684723e+06
-4.000000000000000000e+00 -1.000000000000001776e+00 1.000000000102620579e+00
-3.700000000000000178e+00 -1.000000000000001776e+00 1.000000000459907223e+00
-3.400000000000000355e+00 -1.000000000000001776e+00 1.000000002061155469e+00
-3.100000000000000533e+00 -1.000000000000001776e+00 1.000000009237451470e+00
-2.800000000000000711e+00 -1.000000000000001776e+00 1.000000041399379036e+00
-2.500000000000000888e+00 -1.000000000000001776e+00 1.000000185539138053e+00
-2.200000000000001066e+00 -1.000000000000001776e+00 1.000000831528720990e+00
-1.900000000000001243e+00 -1.000000000000001776e+00 1.000003726653173830e+00
-1.600000000000001421e+00 -1.000000000000001776e+00 1.000016701700791932e+00
-1.300000000000001599e+00 -1.000000000000001776e+00 1.000074851829889422e+00
-1.000000000000001776e+00 -1.000000000000001776e+00 1.000335462627904182e+00
-7.000000000000019540e-01 -1.000000000000001776e+00 1.001503439192979350e+00
-4.000000000000021316e-01 -1.000000000000001776e+00 1.006737946999087141e+00
-1.000000000000023093e-01 -1.000000000000001776e+00 1.030197383422319923e+00
1.999999999999975131e-01 -1.000000000000001776e+00 1.135335283236612813e+00
4.999999999999973355e-01 -1.000000000000001776e+00 1.606530659712626985e+00
7.999999999999971578e-01 -1.000000000000001776e+00 3.718281828459008231e+00
1.099999999999996980e+00 -1.000000000000001776e+00 1.318249396070329205e+01
1.399999999999996803e+00 -1.000000000000001776e+00 5.559815003314336934e+01
1.699999999999996625e+00 -1.000000000000001776e+00 2.456919322642160353e+02
1.999999999999996447e+00 -1.000000000000001776e+00 1.097633158428439174e+03
2.299999999999996270e+00 -1.000000000000001776e+00 4.915768840299047042e+03
2.599999999999996092e+00 -1.000000000000001776e+00 2.202746579480628498e+04
2.899999999999995914e+00 -1.000000000000001776e+00 9.871677101075839892e+04
3.199999999999995737e+00 -1.000000000000001776e+00 4.424143920089110616e+05
3.499999999999995559e+00 -1.000000000000001776e+00 1.982760263537526596e+06
3.799999999999995381e+00 -1.000000000000001776e+00 8.886111520507683977e+06
-4.000000000000000000e+00 -7.000000000000019540e-01 7.000000001026207563e-01
-3.700000000000000178e+00 -7.000000000000019540e-01 7.000000004599075121e-01
-3.400000000000000355e+00 -7.000000000000019540e-01 7.000000020611555351e-01
-3.100000000000000533e+00 -7.000000000000019540e-01 7.000000092374516480e-01
-2.800000000000000711e+00 -7.000000000000019540e-01 7.000000413993791026e-01
-2.500000000000000888e+00 -7.000000000000019540e-01 7.000001855391382311e-01
-2.200000000000001066e+00 -7.000000000000019540e-01 7.000008315287210570e-01
-1.900000000000001243e+00 -7.000000000000019540e-01 7.000037266531740077e-01
-1.600000000000001421e+00 -7.000000000000019540e-01 7.000167017007922210e-01
-1.300000000000001599e+00 -7.000000000000019540e-01 7.000748518298895995e-01
-1.000000000000001776e+00 -7.000000000000019540e-01 7.003354626279044703e-01
-7.000000000000019540e-01 -7.000000000000019540e-01 7.015034391929795277e-01
-4.000000000000021316e-01 -7.000000000000019540e-01 7.067379469990873186e-01
-1.000000000000023093e-01 -7.000000000000019540e-01 -4.765853037914076218e-01
1.999999999999975131e-01 -7.000000000000019540e-01 -4.165853037914105106e-01
4.999999999999973355e-01 -7.000000000000019540e-01 1.306530659712627163e+00
7.999999999999971578e-01 -7.000000000000019540e-01 3.418281828459008409e+00
1.099999999999996980e+00 -7.000000000000019540e-01 1.288249396070329311e+01
1.399999999999996803e+00 -7.000000000000019540e-01 5.529815003314337218e+01
1.699999999999996625e+00 -7.000000000000019540e-01 2.453919322642160239e+02
1.999999999999996447e+00 -7.000000000000019540e-01 1.097333158428439219e+03
2.299999999999996270e+00 -7.000000000000019540e-01 4.915468840299046860e+03
2.599999999999996092e+00 -7.000000000000019540e-01 2.202716579480628570e+04
2.899999999999995914e+00 -7.000000000000019540e-01 9.871647101075839601e+04
3.199999999999995737e+00 -7.000000000000019540e-01 4.424140920089110732e+05
3.499999999999995559e+00 -7.000000000000019540e-01 1.982759963537526550e+06
3.799999999999995381e+00 -7.000000000000019540e-01 8.886111220507683232e+06
-4.000000000000000000e+00 -4.000000000000021316e-01 4.000000001026209340e-01
-3.700000000000000178e+00 -4.000000000000021316e-01 4.000000004599076897e-01
-3.400000000000000355e+00 -4.000000000000021316e-01 4.000000020611557683e-01
-3.100000000000000533e+00 -4.000000000000021316e-01 4.000000092374517702e-01
-2.800000000000000711e+00 -4.000000000000021316e-01 4.000000413993793358e-01
-2.500000000000000888e+00 -4.000000000000021316e-01 4.000001855391384087e-01
-2.200000000000001066e+00 -4.000000000000021316e-01 4.000008315287212346e-01
-1.900000000000001243e+00 -4.000000000000021316e-01 4.000037266531741853e-01
-1.600000000000001421e+00 -4.000000000000021316e-01 4.000167017007923986e-01
-1.300000000000001599e+00 -4.000000000000021316e-01 4.000748518298898326e-01
-1.000000000000001776e+00 -4.000000000000021316e-01 4.003354626279046480e-01
-7.000000000000019540e-01 -4.000000000000021316e-01 4.015034391929797053e-01
-4.000000000000021316e-01 -4.000000000000021316e-01 -3.503200460356344914e-01
-1.000000000000023093e-01 -4.000000000000021316e-01 -6.503200460356369783e-01
1.999999999999975131e-01 -4.000000000000021316e-01 -5.903200460356399226e-01
4.999999999999973355e-01 -4.000000000000021316e-01 -1.703200460356432133e-01
7.999999999999971578e-01 -4.000000000000021316e-01 3.118281828459008587e+00
1.099999999999996980e+00 -4.000000000000021316e-01 1.258249396070329240e+01
1.399999999999996803e+00 -4.000000000000021316e-01 5.499815003314337503e+01
1.699999999999996625e+00 -4.000000000000021316e-01 2.450919322642160409e+02
1.999999999999996447e+00 -4.000000000000021316e-01 1.097033158428439265e+03
2.299999999999996270e+00 -4.000000000000021316e-01 4.915168840299046678e+03
2.599999999999996092e+00 -4.000000000000021316e-01 2.202686579480628643e+04
2.899999999999995914e+00 -4.000000000000021316e-01 9.871617101075839309e+04
3.199999999999995737e+00 -4.000000000000021316e-01 4.424137920089110848e+05
3.499999999999995559e+00 -4.000000000000021316e-01 1.982759663537526503e+06
3.799999999999995381e+00 -4.000000000000021316e-01 8.886110920507684350e+06
-4.000000000000000000e+00 -1.000000000000023093e-01 1.000000001026211116e-01
-3.700000000000000178e+00 -1.000000000000023093e-01 1.000000004599078535e-01
-3.400000000000000355e+00 -1.000000000000023093e-01 1.000000020611559320e-01
-3.100000000000000533e+00 -1.000000000000023093e-01 1.000000092374519756e-01
-2.800000000000000711e+00 -1.000000000000023093e-01 1.000000413993794995e-01
-2.500000000000000888e+00 -1.000000000000023093e-01 1.000001855391385724e-01
-2.200000000000001066e+00 -1.000000000000023093e-01 1.000008315287214122e-01
-1.900000000000001243e+00 -1.000000000000023093e-01 1.000037266531743907e-01
-1.600000000000001421e+00 -1.000000000000023093e-01 1.000167017007925485e-01
-1.300000000000001599e+00 -1.000000000000023093e-01 1.000748518298900103e-01
-1.000000000000001776e+00 -1.000000000000023093e-01 1.003354626279048117e-01
-7.000000000000019540e-01 -1.000000000000023093e-01 7.516258196404790315e-02
-4.000000000000021316e-01 -1.000000000000023093e-01 -5.848374180359541263e-01
-1.000000000000023093e-01 -1.000000000000023093e-01 -9.187307530779803555e-01
1.999999999999975131e-01 -1.000000000000023093e-01 -6.187307530779805331e-01
4.999999999999973355e-01 -1.000000000000023093e-01 -4.048374180359628483e-01
7.999999999999971578e-01 -1.000000000000023093e-01 3.751625819640334036e-01
1.099999999999996980e+00 -1.000000000000023093e-01 1.228249396070329169e+01
1.399999999999996803e+00 -1.000000000000023093e-01 5.469815003314337076e+01
1.699999999999996625e+00 -1.000000000000023093e-01 2.447919322642160296e+02
1.999999999999996447e+00 -1.000000000000023093e-01 1.096733158428439083e+03
2.299999999999996270e+00 -1.000000000000023093e-01 4.914868840299047406e+03
2.599999999999996092e+00 -1.000000000000023093e-01 2.202656579480628352e+04
2.899999999999995914e+00 -1.000000000000023093e-01 9.871587101075840474e+04
3.199999999999995737e+00 -1.000000000000023093e-01 4.424134920089110383e+05
3.499999999999995559e+00 -1.000000000000023093e-01 1.982759363537526689e+06
3.799999999999995381e+00 -1.000000000000023093e-01 8.886110620507683605e+06
-4.000000000000000000e+00 1.999999999999975131e-01 -1.999999998973787108e-01
-3.700000000000000178e+00 1.999999999999975131e-01 -1.999999995400919828e-01
-3.400000000000000355e+00 1.999999999999975131e-01 -1.999999979388439042e-01
-3.100000000000000533e+00 1.999999999999975131e-01 -1.999999907625478468e-01
-2.800000000000000711e+00 1.999999999999975131e-01 -1.999999586006203367e-01
-2.500000000000000888e+00 1.999999999999975131e-01 -1.999998144608612638e-01
-2.200000000000001066e+00 1.999999999999975131e-01 -1.999991684712784101e-01
-1.900000000000001243e+00 1.999999999999975131e-01 -1.999962733468254317e-01
-1.600000000000001421e+00 1.999999999999975131e-01 -1.999832982992072739e-01
-1.300000000000001599e+00 1.999999999999975131e-01 -1.999251481701098121e-01
-1.000000000000001776e+00 1.999999999999975131e-01 -1.996645373720949967e-01
-7.000000000000019540e-01 1.999999999999975131e-01 -2.414027581601613237e-01
-4.000000000000021316e-01 1.999999999999975131e-01 -9.014027581601633532e-01
-1.000000000000023093e-01 1.999999999999975131e-01 -1.591824697641265107e+00
1.999999999999975131e-01 1.999999999999975131e-01 -1.291824697641265285e+00
4.999999999999973355e-01 1.999999999999975131e-01 -7.214027581601720751e-01
7.999999999999971578e-01 1.999999999999975131e-01 5.859724183982417678e-02
1.099999999999996980e+00 1.999999999999975131e-01 1.198249396070329276e+01
1.399999999999996803e+00 1.999999999999975131e-01 5.439815003314337361e+01
1.699999999999996625e+00 1.999999999999975131e-01 2.444919322642160466e+02
1.999999999999996447e+00 1.999999999999975131e-01 1.096433158428439128e+03
2.299999999999996270e+00 1.999999999999975131e-01 4.914568840299047224e+03
2.599999999999996092e+00 1.999999999999975131e-01 2.202626579480628425e+04
2.899999999999995914e+00 1.999999999999975131e-01 9.871557101075840183e+04
3.199999999999995737e+00 1.999999999999975131e-01 4.424131920089110499e+05
3.499999999999995559e+00 1.999999999999975131e-01 1.982759063537526643e+06
3.799999999999995381e+00 1.999999999999975131e-01 8.886110320507684723e+06
-4.000000000000000000e+00 4.999999999999973355e-01 -4.999999998973785331e-01
-3.700000000000000178e+00 4.999999999999973355e-01 -4.999999995400917774e-01
-3.400000000000000355e+00 4.999999999999973355e-01 -4.999999979388436988e-01
-3.100000000000000533e+00 4.999999999999973355e-01 -4.999999907625476969e-01
-2.800000000000000711e+00 4.999999999999973355e-01 -4.999999586006201313e-01
-2.500000000000000888e+00 4.999999999999973355e-01 -4.999998144608610584e-01
-2.200000000000001066e+00 4.999999999999973355e-01 -4.999991684712782325e-01
-1.900000000000001243e+00 4.999999999999973355e-01 -4.999962733468252818e-01
-1.600000000000001421e+00 4.999999999999973355e-01 -4.999832982992070685e-01
-1.300000000000001599e+00 4.999999999999973355e-01 -4.999251481701096345e-01
-1.000000000000001776e+00 4.999999999999973355e-01 -4.996645373720948191e-01
-7.000000000000019540e-01 4.999999999999973355e-01 -4.984965608070197618e-01
-4.000000000000021316e-01 4.999999999999973355e-01 -1.328721270700120360e+00
-1.000000000000023093e-01 4.999999999999973355e-01 -1.628721270700122847e+00
1.999999999999975131e-01 4.999999999999973355e-01 -1.568721270700125681e+00
4.999999999999973355e-01 4.999999999999973355e-01 -1.148721270700129082e+00
7.999999999999971578e-01 4.999999999999973355e-01 2.218281828459009120e+00
1.099999999999996980e+00 4.999999999999973355e-01 1.168249396070329382e+01
1.399999999999996803e+00 4.999999999999973355e-01 5.409815003314336934e+01
1.699999999999996625e+00 4.999999999999973355e-01 2.441919322642160353e+02
1.999999999999996447e+00 4.999999999999973355e-01 1.096133158428439174e+03
2.299999999999996270e+00 4.999999999999973355e-01 4.914268840299047042e+03
2.599999999999996092e+00 4.999999999999973355e-01 2.202596579480628498e+04
2.899999999999995914e+00 4.999999999999973355e-01 9.871527101075839892e+04
3.199999999999995737e+00 4.999999999999973355e-01 4.424128920089110616e+05
3.499999999999995559e+00 4.999999999999973355e-01 1.982758763537526596e+06
3.799999999999995381e+00 4.999999999999973355e-01 8.886110020507683977e+06
-4.000000000000000000e+00 7.999999999999971578e-01 -7.999999998973783555e-01
-3.700000000000000178e+00 7.999999999999971578e-01 -7.999999995400915997e-01
-3.400000000000000355e+00 7.999999999999971578e-01 -7.999999979388435767e-01
-3.100000000000000533e+00 7.999999999999971578e-01 -7.999999907625474638e-01
-2.800000000000000711e+00 7.999999999999971578e-01 -7.999999586006200092e-01
-2.500000000000000888e+00 7.999999999999971578e-01 -7.999998144608608808e-01
-2.200000000000001066e+00 7.999999999999971578e-01 -7.999991684712780549e-01
-1.900000000000001243e+00 7.999999999999971578e-01 -7.999962733468251042e-01
-1.600000000000001421e+00 7.999999999999971578e-01 -7.999832982992068908e-01
-1.300000000000001599e+00 7.999999999999971578e-01 -7.999251481701095123e-01
-1.000000000000001776e+00 7.999999999999971578e-01 -7.996645373720946415e-01
-7.000000000000019540e-01 7.999999999999971578e-01 -7.984965608070195842e-01
-4.000000000000021316e-01 7.999999999999971578e-01 -7.932620530009117932e-01
-1.000000000000023093e-01 7.999999999999971578e-01 -2.205540928492460306e+00
1.999999999999975131e-01 7.999999999999971578e-01 -2.145540928492463362e+00
4.999999999999973355e-01 7.999999999999971578e-01 -1.934693402873718382e-01
7.999999999999971578e-01 7.999999999999971578e-01 1.918281828459009297e+00
1.099999999999996980e+00 7.999999999999971578e-01 1.138249396070329311e+01
1.399999999999996803e+00 7.999999999999971578e-01 5.379815003314337218e+01
1.699999999999996625e+00 7.999999999999971578e-01 2.438919322642160523e+02
1.999999999999996447e+00 7.999999999999971578e-01 1.095833158428439219e+03
2.299999999999996270e+00 7.999999999999971578e-01 4.913968840299046860e+03
2.599999999999996092e+00 7.999999999999971578e-01 2.202566579480628570e+04
2.899999999999995914e+00 7.999999999999971578e-01 9.871497101075839601e+04
3.199999999999995737e+00 7.999999999999971578e-01 4.424125920089110732e+05
3.499999999999995559e+00 7.999999999999971578e-01 1.982758463537526550e+06
3.799999999999995381e+00 7.999999999999971578e-01 8.886109720507683232e+06
-4.000000000000000000e+00 1.099999999999996980e+00 -1.099999999897378178e+00
-3.700000000000000178e+00 1.099999999999996980e+00 -1.099999999540091533e+00
-3.400000000000000355e+00 1.099999999999996980e+00 -1.099999997938843288e+00
-3.100000000000000533e+00 1.099999999999996980e+00 -1.099999990762547286e+00
-2.800000000000000711e+00 1.099999999999996980e+00 -1.099999958600619721e+00
-2.500000000000000888e+00 1.099999999999996980e+00 -1.099999814460860703e+00
-2.200000000000001066e+00 1.099999999999996980e+00 -1.099999168471277766e+00
-1.900000000000001243e+00 1.099999999999996980e+00 -1.099996273346824927e+00
-1.600000000000001421e+00 1.099999999999996980e+00 -1.099983298299206824e+00
-1.300000000000001599e+00 1.099999999999996980e+00 -1.099925148170109335e+00
-1.000000000000001776e+00 1.099999999999996980e+00 -1.099664537372094575e+00
-7.000000000000019540e-01 1.099999999999996980e+00 -1.098496560807019407e+00
-4.000000000000021316e-01 1.099999999999996980e+00 -1.093262053000911616e+00
-1.000000000000023093e-01 1.099999999999996980e+00 -1.069802616577678833e+00
1.999999999999975131e-01 1.099999999999996980e+00 -9.646647167633859432e-01
4.999999999999973355e-01 1.099999999999996980e+00 -4.934693402873716606e-01
7.999999999999971578e-01 1.099999999999996980e+00 1.618281828459009475e+00
1.099999999999996980e+00 1.099999999999996980e+00 1.108249396070329240e+01
1.399999999999996803e+00 1.099999999999996980e+00 5.349815003314337503e+01
1.699999999999996625e+00 1.099999999999996980e+00 2.435919322642160409e+02
1.999999999999996447e+00 1.099999999999996980e+00 1.095533158428439265e+03
2.299999999999996270e+00 1.099999999999996980e+00 4.913668840299046678e+03
2.599999999999996092e+00 1.099999999999996980e+00 2.202536579480628643e+04
2.899999999999995914e+00 1.099999999999996980e+00 9.871467101075839309e+04
3.199999999999995737e+00 1.099999999999996980e+00 4.424122920089110848e+05
3.499999999999995559e+00 1.099999999999996980e+00 1.982758163537526503e+06
3.799999999999995381e+00 1.099999999999996980e+00 8.886109420507684350e+06
-4.000000000000000000e+00 1.399999999999996803e+00 -1.399999999897378000e+00
-3.700000000000000178e+00 1.399999999999996803e+00 -1.399999999540091355e+00
-3.400000000000000355e+00 1.399999999999996803e+00 -1.399999997938843110e+00
-3.100000000000000533e+00 1.399999999999996803e+00 -1.399999990762547109e+00
-2.800000000000000711e+00 1.399999999999996803e+00 -1.399999958600619543e+00
-2.500000000000000888e+00 1.399999999999996803e+00 -1.399999814460860526e+00
-2.200000000000001066e+00 1.399999999999996803e+00 -1.399999168471277589e+00
-1.900000000000001243e+00 1.399999999999996803e+00 -1.399996273346824749e+00
-1.600000000000001421e+00 1.399999999999996803e+00 -1.399983298299206647e+00
-1.300000000000001599e+00 1.399999999999996803e+00 -1.399925148170109157e+00
-1.000000000000001776e+00 1.399999999999996803e+00 -1.399664537372094397e+00
-7.000000000000019540e-01 1.399999999999996803e+00 -1.398496560807019229e+00
-4.000000000000021316e-01 1.399999999999996803e+00 -1.393262053000911438e+00
-1.000000000000023093e-01 1.399999999999996803e+00 -1.369802616577678656e+00
1.999999999999975131e-01 1.399999999999996803e+00 -1.264664716763385766e+00
4.999999999999973355e-01 1.399999999999996803e+00 -7.934693402873714829e-01
7.999999999999971578e-01 1.399999999999996803e+00 1.318281828459009652e+00
1.099999999999996980e+00 1.399999999999996803e+00 1.078249396070329347e+01
1.399999999999996803e+00 1.399999999999996803e+00 5.319815003314337076e+01
1.699999999999996625e+00 1.399999999999996803e+00 2.432919322642160296e+02
1.999999999999996447e+00 1.399999999999996803e+00 1.095233158428439083e+03
2.299999999999996270e+00 1.399999999999996803e+00 4.913368840299047406e+03
2.599999999999996092e+00 1.399999999999996803e+00 2.202506579480628352e+04
2.899999999999995914e+00 1.399999999999996803e+00 9.871437101075840474e+04
3.199999999999995737e+00 1.399999999999996803e+00 4.424119920089110383e+05
3.499999999999995559e+00 1.399999999999996803e+00 1.982757863537526689e+06
3.799999999999995381e+00 1.399999999999996803e+00 8.886109120507683605e+06
-4.000000000000000000e+00 1.699999999999996625e+00 -1.699999999897377823e+00
-3.700000000000000178e+00 1.699999999999996625e+00 -1.699999999540091178e+00
-3.400000000000000355e+00 1.699999999999996625e+00 -1.699999997938842933e+00
-3.100000000000000533e+00 1.699999999999996625e+00 -1.699999990762546931e+00
-2.800000000000000711e+00 1.699999999999996625e+00 -1.699999958600619365e+00
-2.500000000000000888e+00 1.699999999999996625e+00 -1.699999814460860348e+00
-2.200000000000001066e+00 1.699999999999996625e+00 -1.699999168471277411e+00
-1.900000000000001243e+00 1.699999999999996625e+00 -1.699996273346824571e+00
-1.600000000000001421e+00 1.699999999999996625e+00 -1.699983298299206469e+00
-1.300000000000001599e+00 1.699999999999996625e+00 -1.699925148170108979e+00
-1.000000000000001776e+00 1.699999999999996625e+00 -1.699664537372094220e+00
-7.000000000000019540e-01 1.699999999999996625e+00 -1.698496560807019051e+00
-4.000000000000021316e-01 1.699999999999996625e+00 -1.693262053000911260e+00
-1.000000000000023093e-01 1.699999999999996625e+00 -1.669802616577678478e+00
1.999999999999975131e-01 1.699999999999996625e+00 -1.564664716763385588e+00
4.999999999999973355e-01 1.699999999999996625e+00 -1.093469340287371416e+00
7.999999999999971578e-01 1.699999999999996625e+00 1.018281828459009830e+00
1.099999999999996980e+00 1.699999999999996625e+00 1.048249396070329453e+01
1.399999999999996803e+00 1.699999999999996625e+00 5.289815003314337361e+01
1.699999999999996625e+00 1.699999999999996625e+00 2.429919322642160466e+02
1.999999999999996447e+00 1.699999999999996625e+00 1.094933158428439128e+03
2.299999999999996270e+00 1.699999999999996625e+00 4.913068840299047224e+03
2.599999999999996092e+00 1.699999999999996625e+00 2.202476579480628425e+04
2.899999999999995914e+00 1.699999999999996625e+00 9.871407101075840183e+04
3.199999999999995737e+00 1.699999999999996625e+00 4.424116920089110499e+05
3.499999999999995559e+00 1.699999999999996625e+00 1.982757563537526643e+06
3.799999999999995381e+00 1.699999999999996625e+00 8.886108820507684723e+06
-4.000000000000000000e+00 1.999999999999996447e+00 -1.999999999897377645e+00
-3.700000000000000178e+00 1.999999999999996447e+00 -1.999999999540091000e+00
-3.400000000000000355e+00 1.999999999999996447e+00 -1.999999997938842755e+00
-3.100000000000000533e+00 1.999999999999996447e+00 -1.999999990762546753e+00
-2.800000000000000711e+00 1.999999999999996447e+00 -1.999999958600619188e+00
-2.500000000000000888e+00 1.999999999999996447e+00 -1.999999814460860170e+00
-2.200000000000001066e+00 1.999999999999996447e+00 -1.999999168471277233e+00
-1.900000000000001243e+00 1.999999999999996447e+00 -1.999996273346824394e+00
-1.600000000000001421e+00 1.999999999999996447e+00 -1.999983298299206291e+00
-1.300000000000001599e+00 1.999999999999996447e+00 -1.999925148170108802e+00
-1.000000000000001776e+00 1.999999999999996447e+00 -1.999664537372094042e+00
-7.000000000000019540e-01 1.999999999999996447e+00 -1.998496560807018874e+00
-4.000000000000021316e-01 1.999999999999996447e+00 -1.993262053000911083e+00
-1.000000000000023093e-01 1.999999999999996447e+00 -1.969802616577678300e+00
1.999999999999975131e-01 1.999999999999996447e+00 -1.864664716763385410e+00
4.999999999999973355e-01 1.999999999999996447e+00 -1.393469340287371239e+00
7.999999999999971578e-01 1.999999999999996447e+00 7.182818284590100077e-01
1.099999999999996980e+00 1.999999999999996447e+00 1.018249396070329382e+01
1.399999999999996803e+00 1.999999999999996447e+00 5.259815003314336934e+01
1.699999999999996625e+00 1.999999999999996447e+00 2.426919322642160353e+02
1.999999999999996447e+00 1.999999999999996447e+00 1.094633158428439174e+03
2.299999999999996270e+00 1.999999999999996447e+00 4.912768840299047042e+03
2.599999999999996092e+00 1.999999999999996447e+00 2.202446579480628498e+04
2.899999999999995914e+00 1.999999999999996447e+00 9.871377101075839892e+04
3.199999999999995737e+00 1.999999999999996447e+00 4.424113920089110616e+05
3.499999999999995559e+00 1.999999999999996447e+00 1.982757263537526596e+06
3.799999999999995381e+00 1.999999999999996447e+00 8.886108520507683977e+06
-4.000000000000000000e+00 2.299999999999996270e+00 -2.299999999897377467e+00
-3.700000000000000178e+00 2.299999999999996270e+00 -2.299999999540090823e+00
-3.400000000000000355e+00 2.299999999999996270e+00 -2.299999997938842800e+00
-3.100000000000000533e+00 2.299999999999996270e+00 -2.299999990762546798e+00
-2.800000000000000711e+00 2.299999999999996270e+00 -2.299999958600619010e+00
-2.500000000000000888e+00 2.299999999999996270e+00 -2.299999814460860215e+00
-2.200000000000001066e+00 2.299999999999996270e+00 -2.299999168471277056e+00
-1.900000000000001243e+00 2.299999999999996270e+00 -2.299996273346823994e+00
-1.600000000000001421e+00 2.299999999999996270e+00 -2.299983298299205892e+00
-1.300000000000001599e+00 2.299999999999996270e+00 -2.299925148170108624e+00
-1.000000000000001776e+00 2.299999999999996270e+00 -2.299664537372093864e+00
-7.000000000000019540e-01 2.299999999999996270e+00 -2.298496560807018696e+00
-4.000000000000021316e-01 2.299999999999996270e+00 -2.293262053000910683e+00
-1.000000000000023093e-01 2.299999999999996270e+00 -2.269802616577678123e+00
1.999999999999975131e-01 2.299999999999996270e+00 -2.164664716763385233e+00
4.999999999999973355e-01 2.299999999999996270e+00 -1.693469340287371061e+00
7.999999999999971578e-01 2.299999999999996270e+00 4.182818284590101854e-01
1.099999999999996980e+00 2.299999999999996270e+00 9.882493960703293112e+00
1.399999999999996803e+00 2.299999999999996270e+00 5.229815003314337218e+01
1.699999999999996625e+00 2.299999999999996270e+00 2.423919322642160523e+02
1.999999999999996447e+00 2.299999999999996270e+00 1.094333158428439219e+03
2.299999999999996270e+00 2.299999999999996270e+00 4.912468840299046860e+03
2.599999999999996092e+00 2.299999999999996270e+00 2.202416579480628570e+04
2.899999999999995914e+00 2.299999999999996270e+00 9.871347101075839601e+04
3.199999999999995737e+00 2.299999999999996270e+00 4.424110920089110732e+05
3.499999999999995559e+00 2.299999999999996270e+00 1.982756963537526550e+06
3.799999999999995381e+00 2.299999999999996270e+00 8.886108220507683232e+06
-4.000000000000000000e+00 2.599999999999996092e+00 -2.599999999897377290e+00
-3.700000000000000178e+00 2.599999999999996092e+00 -2.599999999540090645e+00
-3.400000000000000355e+00 2.599999999999996092e+00 -2.599999997938842622e+00
-3.100000000000000533e+00 2.599999999999996092e+00 -2.599999990762546620e+00
-2.800000000000000711e+00 2.599999999999996092e+00 -2.599999958600618832e+00
-2.500000000000000888e+00 2.599999999999996092e+00 -2.599999814460860037e+00
-2.200000000000001066e+00 2.599999999999996092e+00 -2.599999168471276878e+00
-1.900000000000001243e+00 2.599999999999996092e+00 -2.599996273346823816e+00
-1.600000000000001421e+00 2.599999999999996092e+00 -2.599983298299205714e+00
-1.300000000000001599e+00 2.599999999999996092e+00 -2.599925148170108447e+00
-1.000000000000001776e+00 2.599999999999996092e+00 -2.599664537372093687e+00
-7.000000000000019540e-01 2.599999999999996092e+00 -2.598496560807018518e+00
-4.000000000000021316e-01 2.599999999999996092e+00 -2.593262053000910505e+00
-1.000000000000023093e-01 2.599999999999996092e+00 -2.569802616577677945e+00
1.999999999999975131e-01 2.599999999999996092e+00 -2.464664716763385055e+00
4.999999999999973355e-01 2.599999999999996092e+00 -1.993469340287370883e+00
7.999999999999971578e-01 2.599999999999996092e+00 1.182818284590103630e-01
1.099999999999996980e+00 2.599999999999996092e+00 9.582493960703294178e+00
1.399999999999996803e+00 2.599999999999996092e+00 5.199815003314337503e+01
1.699999999999996625e+00 2.599999999999996092e+00 2.420919322642160409e+02
1.999999999999996447e+00 2.599999999999996092e+00 1.094033158428439265e+03
2.299999999999996270e+00 2.599999999999996092e+00 4.912168840299046678e+03
2.599999999999996092e+00 2.599999999999996092e+00 2.202386579480628643e+04
2.899999999999995914e+00 2.599999999999996092e+00 9.871317101075839309e+04
3.199999999999995737e+00 2.599999999999996092e+00 4.424107920089110848e+05
3.499999999999995559e+00 2.599999999999996092e+00 1.982756663537526503e+06
3.799999999999995381e+00 2.599999999999996092e+00 8.886107920507684350e+06
-4.000000000000000000e+00 2.899999999999995914e+00 -2.899999999897377112e+00
-3.700000000000000178e+00 2.899999999999995914e+00 -2.899999999540090467e+00
-3.400000000000000355e+00 2.899999999999995914e+00 -2.899999997938842444e+00
-3.100000000000000533e+00 2.899999999999995914e+00 -2.899999990762546442e+00
-2.800000000000000711e+00 2.899999999999995914e+00 -2.899999958600618655e+00
-2.500000000000000888e+00 2.899999999999995914e+00 -2.899999814460859859e+00
-2.200000000000001066e+00 2.899999999999995914e+00 -2.899999168471276700e+00
-1.900000000000001243e+00 2.899999999999995914e+00 -2.899996273346823639e+00
-1.600000000000001421e+00 2.899999999999995914e+00 -2.899983298299205536e+00
-1.300000000000001599e+00 2.899999999999995914e+00 -2.899925148170108269e+00
-1.000000000000001776e+00 2.899999999999995914e+00 -2.899664537372093509e+00
-7.000000000000019540e-01 2.899999999999995914e+00 -2.898496560807018341e+00
-4.000000000000021316e-01 2.899999999999995914e+00 -2.893262053000910328e+00
-1.000000000000023093e-01 2.899999999999995914e+00 -2.869802616577677767e+00
1.999999999999975131e-01 2.899999999999995914e+00 -2.764664716763384877e+00
4.999999999999973355e-01 2.899999999999995914e+00 -2.293469340287370706e+00
7.999999999999971578e-01 2.899999999999995914e+00 -1.817181715409894593e-01
1.099999999999996980e+00 2.899999999999995914e+00 9.282493960703295244e+00
1.399999999999996803e+00 2.899999999999995914e+00 5.169815003314337076e+01
1.699999999999996625e+00 2.899999999999995914e+00 2.417919322642160296e+02
1.999999999999996447e+00 2.899999999999995914e+00 1.093733158428439083e+03
2.299999999999996270e+00 2.899999999999995914e+00 4.911868840299047406e+03
2.599999999999996092e+00 2.899999999999995914e+00 2.202356579480628352e+04
2.899999999999995914e+00 2.899999999999995914e+00 9.871287101075840474e+04
3.199999999999995737e+00 2.899999999999995914e+00 4.424104920089110383e+05
3.499999999999995559e+00 2.899999999999995914e+00 1.982756363537526689e+06
3.799999999999995381e+00 2.899999999999995914e+00 8.886107620507683605e+06
-4.000000000000000000e+00 3.199999999999995737e+00 -3.199999999897376934e+00
-3.700000000000000178e+00 3.199999999999995737e+00 -3.199999999540090290e+00
-3.400000000000000355e+00 3.199999999999995737e+00 -3.199999997938842267e+00
-3.100000000000000533e+00 3.199999999999995737e+00 -3.199999990762546265e+00
-2.800000000000000711e+00 3.199999999999995737e+00 -3.199999958600618477e+00
-2.500000000000000888e+00 3.199999999999995737e+00 -3.199999814460859682e+00
-2.200000000000001066e+00 3.199999999999995737e+00 -3.199999168471276523e+00
-1.900000000000001243e+00 3.199999999999995737e+00 -3.199996273346823461e+00
-1.600000000000001421e+00 3.199999999999995737e+00 -3.199983298299205359e+00
-1.300000000000001599e+00 3.199999999999995737e+00 -3.199925148170108091e+00
-1.000000000000001776e+00 3.199999999999995737e+00 -3.199664537372093331e+00
-7.000000000000019540e-01 3.199999999999995737e+00 -3.198496560807018163e+00
-4.000000000000021316e-01 3.199999999999995737e+00 -3.193262053000910150e+00
-1.000000000000023093e-01 3.199999999999995737e+00 -3.169802616577677590e+00
1.999999999999975131e-01 3.199999999999995737e+00 -3.064664716763384700e+00
4.999999999999973355e-01 3.199999999999995737e+00 -2.593469340287370528e+00
7.999999999999971578e-01 3.199999999999995737e+00 -4.817181715409892817e-01
1.099999999999996980e+00 3.199999999999995737e+00 8.982493960703294533e+00
1.399999999999996803e+00 3.199999999999995737e+00 5.139815003314337361e+01
1.699999999999996625e+00 3.199999999999995737e+00 2.414919322642160466e+02
1.999999999999996447e+00 3.199999999999995737e+00 1.093433158428439128e+03
2.299999999999996270e+00 3.199999999999995737e+00 4.911568840299047224e+03
2.599999999999996092e+00 3.199999999999995737e+00 2.202326579480628425e+04
2.899999999999995914e+00 3.199999999999995737e+00 9.871257101075840183e+04
3.199999999999995737e+00 3.199999999999995737e+00 4.424101920089110499e+05
3.499999999999995559e+00 3.199999999999995737e+00 1.982756063537526643e+06
3.799999999999995381e+00 3.199999999999995737e+00 8.886107320507684723e+06
-4.000000000000000000e+00 3.499999999999995559e+00 -3.499999999897376757e+00
-3.700000000000000178e+00 3.499999999999995559e+00 -3.499999999540090112e+00
-3.400000000000000355e+00 3.499999999999995559e+00 -3.499999997938842089e+00
-3.100000000000000533e+00 3.499999999999995559e+00 -3.499999990762546087e+00
-2.800000000000000711e+00 3.499999999999995559e+00 -3.499999958600618299e+00
-2.500000000000000888e+00 3.499999999999995559e+00 -3.499999814460859504e+00
-2.200000000000001066e+00 3.499999999999995559e+00 -3.499999168471276345e+00
-1.900000000000001243e+00 3.499999999999995559e+00 -3.499996273346823283e+00
-1.600000000000001421e+00 3.499999999999995559e+00 -3.499983298299205181e+00
-1.300000000000001599e+00 3.499999999999995559e+00 -3.499925148170107914e+00
-1.000000000000001776e+00 3.499999999999995559e+00 -3.499664537372093154e+00
-7.000000000000019540e-01 3.499999999999995559e+00 -3.498496560807017985e+00
-4.000000000000021316e-01 3.499999999999995559e+00 -3.493262053000909972e+00
-1.000000000000023093e-01 3.499999999999995559e+00 -3.469802616577677412e+00
1.999999999999975131e-01 3.499999999999995559e+00 -3.364664716763384522e+00
4.999999999999973355e-01 3.499999999999995559e+00 -2.893469340287370350e+00
7.999999999999971578e-01 3.499999999999995559e+00 -7.817181715409891041e-01
1.099999999999996980e+00 3.499999999999995559e+00 8.682493960703293823e+00
1.399999999999996803e+00 3.499999999999995559e+00 5.109815003314337645e+01
1.699999999999996625e+00 3.499999999999995559e+00 2.411919322642160353e+02
1.999999999999996447e+00 3.499999999999995559e+00 1.093133158428439174e+03
2.299999999999996270e+00 3.499999999999995559e+00 4.911268840299047042e+03
2.599999999999996092e+00 3.499999999999995559e+00 2.202296579480628498e+04
2.899999999999995914e+00 3.499999999999995559e+00 9.871227101075839892e+04
3.199999999999995737e+00 3.499999999999995559e+00 4.424098920089110616e+05
3.499999999999995559e+00 3.499999999999995559e+00 1.982755763537526596e+06
3.799999999999995381e+00 3.499999999999995559e+00 8.886107020507683977e+06
-4.000000000000000000e+00 3.799999999999995381e+00 -3.799999999897376579e+00
-3.700000000000000178e+00 3.799999999999995381e+00 -3.799999999540089934e+00
-3.400000000000000355e+00 3.799999999999995381e+00 -3.799999997938841911e+00
-3.100000000000000533e+00 3.799999999999995381e+00 -3.799999990762545909e+00
-2.800000000000000711e+00 3.799999999999995381e+00 -3.799999958600618122e+00
-2.500000000000000888e+00 3.799999999999995381e+00 -3.799999814460859326e+00
-2.200000000000001066e+00 3.799999999999995381e+00 -3.799999168471276167e+00
-1.900000000000001243e+00 3.799999999999995381e+00 -3.799996273346823106e+00
-1.600000000000001421e+00 3.799999999999995381e+00 -3.799983298299205003e+00
-1.300000000000001599e+00 3.799999999999995381e+00 -3.799925148170107736e+00
-1.000000000000001776e+00 3.799999999999995381e+00 -3.799664537372092976e+00
-7.000000000000019540e-01 3.799999999999995381e+00 -3.798496560807017808e+00
-4.000000000000021316e-01 3.799999999999995381e+00 -3.793262053000909795e+00
-1.000000000000023093e-01 3.799999999999995381e+00 -3.769802616577677234e+00
1.999999999999975131e-01 3.799999999999995381e+00 -3.664664716763384344e+00
4.999999999999973355e-01 3.799999999999995381e+00 -3.193469340287370173e+00
7.999999999999971578e-01 3.799999999999995381e+00 -1.081718171540988926e+00
1.099999999999996980e+00 3.799999999999995381e+00 8.382493960703294889e+00
1.399999999999996803e+00 3.799999999999995381e+00 5.079815003314337218e+01
1.699999999999996625e+00 3.799999999999995381e+00 2.408919322642160523e+02
1.999999999999996447e+00 3.799999999999995381e+00 1.092833158428439219e+03
2.299999999999996270e+00 3.799999999999995381e+00 4.910968840299046860e+03
2.599999999999996092e+00 3.799999999999995381e+00 2.202266579480628570e+04
2.899999999999995914e+00 3.799999999999995381e+00 9.871197101075839601e+04
3.199999999999995737e+00 3.799999999999995381e+00 4.424095920089110732e+05
3.499999999999995559e+00 3.799999999999995381e+00 1.982755463537526550e+06
3.799999999999995381e+00 3.799999999999995381e+00 8.886106720507683232e+06
