0.000000000000000000e+00 1.000000000000000000e+00 0.000000000000000000e+00
6.289474781961547356e-03 9.999406651296307569e-01 2.487909340402622219e-07
1.257894956392309471e-02 9.997626769479290854e-01 1.990209376499534866e-06
1.886842434588464207e-02 9.994660847374507995e-01 6.716292402230662889e-06
2.515789912784618942e-02 9.990509706169121706e-01 1.591789643148835257e-05
3.144737390980773678e-02 9.985174495128847916e-01 3.108410743388980346e-05
3.773684869176928414e-02 9.978656691201807094e-01 5.370165176967495332e-05
4.402632347373083149e-02 9.970958098509420386e-01 8.525430788034598099e-05
5.031579825569237885e-02 9.962080847724561483e-01 1.272223190404633147e-04
5.660527303765392620e-02 9.952027395337146309e-01 1.810818073819967997e-04
6.289474781961547356e-02 9.940800522807452522e-01 2.483041894021771829e-04
6.918422260157702786e-02 9.928403335607469682e-01 3.303555931652644149e-04
7.547369738353856827e-02 9.914839262150556554e-01 4.286962774080451061e-04
8.176317216550010869e-02 9.900112052609898461e-01 5.447800527581941063e-04
8.805264694746166299e-02 9.884225777626080012e-01 6.800537052738811960e-04
9.434212172942321728e-02 9.867184826904283890e-01 8.359564225121716291e-04
1.006315965113847577e-01 9.848993907701599770e-01 1.013919222332882852e-03
1.069210712933462981e-01 9.829658043204992923e-01 1.215364384643564640e-03
1.132105460753078524e-01 9.809182570800480949e-01 1.441704886290237414e-03
1.195000208572694067e-01 9.787573140234158142e-01 1.694343839297388597e-03
1.257894956392309471e-01 9.764835711665706963e-01 1.974673932659554761e-03
1.320789704211924875e-01 9.740976553615086075e-01 2.284076877885525460e-03
1.383684452031540557e-01 9.716002240803149892e-01 2.623922858494875769e-03
1.446579199851155961e-01 9.689919651886901297e-01 2.995569983665141971e-03
1.509473947670771365e-01 9.662735967090261280e-01 3.400363746226456058e-03
1.572368695490386770e-01 9.634458665731145954e-01 3.839636485198907531e-03
1.635263443310002174e-01 9.605095523645719169e-01 4.314706853066284029e-03
1.698158191129617856e-01 9.574654610510783259e-01 4.826879287978169154e-03
1.761052938949233260e-01 9.543144287065216114e-01 5.377443491070580013e-03
1.823947686768848664e-01 9.510573202231441536e-01 5.967673909093569248e-03
1.886842434588464346e-01 9.476950290137987620e-01 6.598829222532229255e-03
1.949737182408079750e-01 9.442284767044138993e-01 7.272151839405669241e-03
2.012631930227695154e-01 9.406586128167834238e-01 7.988867394926485802e-03
2.075526678047310558e-01 9.369864144417860974e-01 8.750184257201086210e-03
2.138421425866925962e-01 9.332128859031586510e-01 9.557293039149204403e-03
2.201316173686541644e-01 9.293390584119336495e-01 1.041136611681862771e-02
2.264210921506157048e-01 9.253659897116722766e-01 1.131355715426886864e-02
2.327105669325772452e-01 9.212947637146122748e-01 1.226500063519529553e-02
2.390000417145388134e-01 9.171264901288624927e-01 1.326681140146267202e-02
2.452895164965003538e-01 9.128623040767757102e-01 1.432008419871467868e-02
2.515789912784618942e-01 9.085033657046350797e-01 1.542589322922350778e-02
2.578684660604234624e-01 9.040508597837941807e-01 1.658529171214096626e-02
2.641579408423849751e-01 8.995059953034081346e-01 1.779931145130980372e-02
2.704474156243465433e-01 8.948700050549044382e-01 1.906896241079166290e-02
2.767368904063081114e-01 8.901441452083392880e-01 2.039523229826465181e-02
2.830263651882696241e-01 8.853296948807876099e-01 2.177908615644146006e-02
2.893158399702311923e-01 8.804279556969238918e-01 2.322146596265550061e-02
2.956053147521927049e-01 8.754402513419463627e-01 2.472329023675999549e-02
3.018947895341542731e-01 8.703679271070039469e-01 2.628545365748172907e-02
3.081842643161158413e-01 8.652123494272874193e-01 2.790882668736851049e-02
3.144737390980773539e-01 8.599749054129486314e-01 2.959425520646567428e-02
3.207632138800389221e-01 8.546570023730136745e-01 3.134256015485496760e-02
3.270526886620004348e-01 8.492600673324594007e-01 3.315453718418437390e-02
3.333421634439620029e-01 8.437855465426230550e-01 3.503095631831616708e-02
3.396316382259235711e-01 8.382349049851210987e-01 3.697256162321534839e-02
3.459211130078850838e-01 8.326096258694504204e-01 3.898007088619871024e-02
3.522105877898466519e-01 8.269112101244525670e-01 4.105417530466097531e-02
3.585000625718082201e-01 8.211411758838168540e-01 4.319553918439052870e-02
3.647895373537697328e-01 8.153010579658125367e-01 4.540479964758482867e-02
3.710790121357313009e-01 8.093924073474263459e-01 4.768256635067165405e-02
3.773684869176928691e-01 8.034167906330946796e-01 5.002942121203825254e-02
3.836579616996543818e-01 7.973757895182231881e-01 5.244591814976832383e-02
3.899474364816159500e-01 7.912710002476750493e-01 5.493258282948173393e-02
3.962369112635774626e-01 7.851040330694287750e-01 5.748991242236919236e-02
4.025263860455390308e-01 7.788765116835919544e-01 6.011837537351022442e-02
4.088158608275005990e-01 7.725900726869729951e-01 6.281841118055889184e-02
4.151053356094621116e-01 7.662463650134008208e-01 6.559043018287848137e-02
4.213948103914236798e-01 7.598470493699962525e-01 6.843481336120207925e-02
4.276842851733851925e-01 7.533937976695919136e-01 7.135191214789277092e-02
4.339737599553467606e-01 7.468882924595025008e-01 7.434204824787306320e-02
4.402632347373083288e-01 7.403322263468491427e-01 7.740551347028908069e-02
4.465527095192698415e-01 7.337273014206396882e-01 8.054256957097230551e-02
4.528421843012314096e-01 7.270752286708090928e-01 8.375344810575667542e-02
4.591316590831929778e-01 7.203777274044294021e-01 8.703835029470470552e-02
4.654211338651544905e-01 7.136365246592918377e-01 9.039744689729457827e-02
4.717106086471160586e-01 7.068533546150707059e-01 9.383087809861354045e-02
4.780000834290776268e-01 7.000299580022797397e-01 9.733875340660029518e-02
4.842895582110391395e-01 6.931680815092252645e-01 1.009211515603758852e-01
4.905790329930007077e-01 6.862694771871711286e-01 1.045781204496968458e-01
4.968685077749622203e-01 6.793359018539235628e-01 1.083096770455619501e-01
5.031579825569237885e-01 6.723691164960478028e-01 1.121158073419992046e-01
5.094474573388853011e-01 6.653708856699284135e-01 1.159964663090554959e-01
5.157369321208469248e-01 6.583429769018840361e-01 1.199515778570086066e-01
5.220264069028084375e-01 6.512871600875527189e-01 1.239810348118150635e-01
5.283158816847699502e-01 6.442052068907551110e-01 1.280846989018062099e-01
5.346053564667315738e-01 6.370988901420523431e-01 1.322624007556375825e-01
5.408948312486930865e-01 6.299699832372123165e-01 1.365139399114953245e-01
5.471843060306545992e-01 6.228202595357920091e-01 1.408390848375592197e-01
5.534737808126162228e-01 6.156514917600544035e-01 1.452375729637144786e-01
5.597632555945777355e-01 6.084654513944318666e-01 1.497091107245053787e-01
5.660527303765392482e-01 6.012639080857430374e-01 1.542533736133175348e-01
5.723422051585007608e-01 5.940486290443859341e-01 1.588700062477690911e-01
5.786316799404623845e-01 5.868213784467065652e-01 1.635586224462918514e-01
5.849211547224238972e-01 5.795839168387670881e-01 1.683188053158765352e-01
5.912106295043854098e-01 5.723380005417143535e-01 1.731501073509524591e-01
5.975001042863470335e-01 5.650853810589653303e-01 1.780520505433681178e-01
6.037895790683085462e-01 5.578278044854177997e-01 1.830241265034367737e-01
6.100790538502700588e-01 5.505670109188925965e-01 1.880657965920045915e-01
6.163685286322316825e-01 5.433047338740202292e-01 1.931764920634966576e-01
6.226580034141931952e-01 5.360426996987769366e-01 1.983556142198921735e-01
6.289474781961547079e-01 5.287826269938736834e-01 2.036025345755758387e-01
6.352369529781163315e-01 5.215262260352090395e-01 2.089165950330080790e-01
6.415264277600778442e-01 5.142751981995872246e-01 2.142971080691535857e-01
6.478159025420393569e-01 5.070312353939034899e-01 2.197433569326059932e-01
6.541053773240008695e-01 4.997960194879991214e-01 2.252545958513356428e-01
6.603948521059624932e-01 4.925712217513905089e-01 2.308300502509929852e-01
6.666843268879240059e-01 4.853585022940643534e-01 2.364689169836893257e-01
6.729738016698855185e-01 4.781595095115427907e-01 2.421703645671762217e-01
6.792632764518471422e-01 4.709758795344113347e-01 2.479335334343395481e-01
6.855527512338086549e-01 4.638092356825061491e-01 2.537575361929214623e-01
6.918422260157701675e-01 4.566611879239498850e-01 2.596414578953805119e-01
6.981317007977317912e-01 4.495333323392334823e-01 2.655843563187947343e-01
7.044211755796933039e-01 4.424272505905267328e-01 2.715852622547090256e-01
7.107106503616548165e-01 4.353445093964077861e-01 2.776431798088280778e-01
7.170001251436164402e-01 4.282866600121997269e-01 2.837570867104473593e-01
7.232895999255779529e-01 4.212552377160925232e-01 2.899259346315152253e-01
7.295790747075394655e-01 4.142517613012354771e-01 2.961486495152133580e-01
7.358685494895010892e-01 4.072777325739785903e-01 3.024241319139418516e-01
7.421580242714626019e-01 4.003346358584393694e-01 3.087512573365880364e-01
7.484474990534241146e-01 3.934239375075702649e-01 3.151288766049598622e-01
7.547369738353857382e-01 3.865470854208994944e-01 3.215558162192564406e-01
7.610264486173472509e-01 3.797055085691153353e-01 3.280308787324484054e-01
7.673159233993087636e-01 3.729006165256606442e-01 3.345528431334370278e-01
7.736053981812702762e-01 3.661337990055033575e-01 3.411204652388558634e-01
7.798948729632318999e-01 3.594064254112473433e-01 3.477324780933782611e-01
7.861843477451934126e-01 3.527198443867397559e-01 3.543875923783899595e-01
7.924738225271549252e-01 3.460753833783358768e-01 3.610844968288823287e-01
7.987632973091165489e-01 3.394743482039733196e-01 3.678218586584207639e-01
8.050527720910780616e-01 3.329180226302094758e-01 3.745983239920352981e-01
8.113422468730395742e-01 3.264076679573698070e-01 3.814125183068861613e-01
8.176317216550011979e-01 3.199445226129526976e-01 3.882630468805453039e-01
8.239211964369627106e-01 3.135298017534358661e-01 3.951484952467347878e-01
8.302106712189242232e-01 3.071646968746220563e-01 4.020674296583670593e-01
8.365001460008858469e-01 3.008503754306619538e-01 4.090183975577174058e-01
8.427896207828473596e-01 2.945879804618901088e-01 4.159999280535663368e-01
8.490790955648088723e-01 2.883786302316005967e-01 4.230105324051443572e-01
8.553685703467703849e-01 2.822234178718940334e-01 4.300487045127042163e-01
8.616580451287320086e-01 2.761234110387174034e-01 4.371129214145536013e-01
8.679475199106935213e-01 2.700796515762205474e-01 4.442016437903669179e-01
8.742369946926550339e-01 2.640931551905431607e-01 4.513133164706015776e-01
8.805264694746166576e-01 2.581649111331510427e-01 4.584463689518410434e-01
8.868159442565781703e-01 2.522958818938295100e-01 4.655992159178762857e-01
8.931054190385396829e-01 2.464870029034419985e-01 4.727702577663492889e-01
8.993948938205013066e-01 2.407391822465589915e-01 4.799578811407657075e-01
9.056843686024628193e-01 2.350533003840575563e-01 4.871604594676942068e-01
9.119738433844243319e-01 2.294302098857863015e-01 4.943763534989600306e-01
9.182633181663859556e-01 2.238707351733922879e-01 5.016039118586402834e-01
9.245527929483474683e-01 2.183756722733978251e-01 5.088414715946705247e-01
9.308422677303089809e-01 2.129457885806126660e-01 5.160873587348655533e-01
9.371317425122706046e-01 2.075818226319652848e-01 5.233398888471590960e-01
9.434212172942321173e-01 2.022844838908323950e-01 5.305973676038621134e-01
9.497106920761936300e-01 1.970544525419387627e-01 5.378580913497440497e-01
9.560001668581552536e-01 1.918923792969012276e-01 5.451203476737334075e-01
9.622896416401167663e-01 1.867988852104843778e-01 5.523824159840342585e-01
9.685791164220782790e-01 1.817745615076282739e-01 5.596425680864601793e-01
9.748685912040397916e-01 1.768199694213116180e-01 5.668990687657756711e-01
9.811580659860014153e-01 1.719356400413040165e-01 5.741501763698436678e-01
9.874475407679629280e-01 1.671220741738601578e-01 5.813941433963688565e-01
9.937370155499244406e-01 1.623797422124025891e-01 5.886292170820323078e-01
1.000026490331886064e+00 1.577090840192393040e-01 5.958536399938078043e-01
1.006315965113847577e+00 1.531105088183550567e-01 6.030656506222488167e-01
1.012605439895809090e+00 1.485843950993117613e-01 6.102634839765416208e-01
1.018894914677770602e+00 1.441310905322923108e-01 6.174453721811059559e-01
1.025184389459732115e+00 1.397509118943142947e-01 6.246095450735390520e-01
1.031473864241693850e+00 1.354441450066392605e-01 6.317542308036891985e-01
1.037763339023655362e+00 1.312110446833965605e-01 6.388776564336435815e-01
1.044052813805616875e+00 1.270518346914386310e-01 6.459780485384243320e-01
1.050342288587578388e+00 1.229667077214404158e-01 6.530536338071750713e-01
1.056631763369539900e+00 1.189558253702509560e-01 6.601026396446250111e-01
1.062921238151501413e+00 1.150193181345007254e-01 6.671232947726224438e-01
1.069210712933463148e+00 1.111572854154659201e-01 6.741138298315203503e-01
1.075500187715424660e+00 1.073697955351858441e-01 6.810724779811991869e-01
1.081789662497386173e+00 1.036568857638244523e-01 6.879974755015243471e-01
1.088079137279347686e+00 1.000185623582658945e-01 6.948870623920111456e-01
1.094368612061309198e+00 9.645480061192726606e-02 7.017394829704965975e-01
1.100658086843270711e+00 9.296554491576922152e-02 7.085529864706001657e-01
1.106947561625232446e+00 8.955070883047980268e-02 7.153258276377644220e-01
1.113237036407193958e+00 8.621017516980571116e-02 7.220562673236617934e-01
1.119526511189155471e+00 8.294379609499599737e-02 7.287425730787612244e-01
1.125815985971116984e+00 7.975139322032637201e-02 7.353830197428384841e-01
1.132105460753078496e+00 7.663275772966121613e-02 7.419758900332286133e-01
1.138394935535040009e+00 7.358765050401146202e-02 7.485194751306050165e-01
1.144684410317001522e+00 7.061580226004035565e-02 7.550120752620820275e-01
1.150973885098963256e+00 6.771691369946557237e-02 7.614520002814332278e-01
1.157263359880924769e+00 6.489065566930279916e-02 7.678375702462196806e-01
1.163552834662886282e+00 6.213666933289056088e-02 7.741671159916226896e-01
1.169842309444847794e+00 5.945456635163483966e-02 7.804389797007810214e-01
1.176131784226809307e+00 5.684392907740538209e-02 7.866515154714265323e-01
1.182421259008770820e+00 5.430431075551361841e-02 7.928030898786183611e-01
1.188710733790732554e+00 5.183523573819753122e-02 7.988920825333801767e-01
1.195000208572694067e+00 4.943619970853594531e-02 8.049168866370346453e-01
1.201289683354655580e+00 4.710666991470890269e-02 8.108759095310494880e-01
1.207579158136617092e+00 4.484608541452059227e-02 8.167675732421878498e-01
1.213868632918578605e+00 4.265385733009383062e-02 8.225903150227809046e-01
1.220158107700540118e+00 4.052936911264432701e-02 8.283425878859228542e-01
1.226447582482501630e+00 3.847197681723776158e-02 8.340228611354056909e-01
1.232737057264463365e+00 3.648100938742983995e-02 8.396296208901987690e-01
1.239026532046424878e+00 3.455576894968608731e-02 8.451613706032922169e-01
1.245316006828386390e+00 3.269553111747345447e-02 8.506166315747212270e-01
1.251605481610347903e+00 3.089954530491458365e-02 8.559939434585823737e-01
1.257894956392309416e+00 2.916703504988981538e-02 8.612918647638718728e-01
1.264184431174270928e+00 2.749719834647013431e-02 8.665089733489590440e-01
1.270473905956232663e+00 2.588920798656041064e-02 8.716438669095261105e-01
1.276763380738194176e+00 2.434221191062934525e-02 8.766951634597991427e-01
1.283052855520155688e+00 2.285533356739827271e-02 8.816615018068988396e-01
1.289342330302117201e+00 2.142767228235957153e-02 8.865415420181440576e-01
1.295631805084078714e+00 2.005830363499049376e-02 8.913339658811415545e-01
1.301921279866040226e+00 1.874627984452615151e-02 8.960374773564993012e-01
1.308210754648001739e+00 1.749063016415216415e-02 9.006508030230041539e-01
1.314500229429963474e+00 1.629036128347408421e-02 9.051726925151021286e-01
1.320789704211924986e+00 1.514445773911862053e-02 9.096019189525317294e-01
1.327079178993886499e+00 1.405188233331735280e-02 9.139372793619524593e-01
1.333368653775848012e+00 1.301157656032270182e-02 9.181775950904229600e-01
1.339658128557809524e+00 1.202246104050127933e-02 9.223217122105811239e-01
1.345947603339771037e+00 1.108343596194819210e-02 9.263685019173798496e-01
1.352237078121732772e+00 1.019338152946266084e-02 9.303168609162434377e-01
1.358526552903694284e+00 9.351158420723098760e-03 9.341657118024996320e-01
1.364816027685655797e+00 8.555608249496440137e-03 9.379140034319616293e-01
1.371105502467617310e+00 7.805554035715217380e-03 9.415607112825180591e-01
1.377394977249578822e+00 7.099800682252232868e-03 9.451048378066135847e-01
1.383684452031540335e+00 6.437135458221015898e-03 9.485454127744858965e-01
1.389973926813502070e+00 5.816328488627699883e-03 9.518814936080439715e-01
1.396263401595463582e+00 5.236133250197767472e-03 9.551121657052655811e-01
1.402552876377425095e+00 4.695287073198594133e-03 9.582365427550000314e-01
1.408842351159386608e+00 4.192511649077219384e-03 9.612537670420643332e-01
1.415131825941348120e+00 3.726513543730069523e-03 9.641630097425256674e-01
1.421421300723309633e+00 3.295984716219640953e-03 9.669634712090630080e-01
1.427710775505271146e+00 2.899603042751239344e-03 9.696543812463096490e-01
1.434000250287232880e+00 2.536032845720859359e-03 9.722349993760771580e-01
1.440289725069194393e+00 2.203925427643647298e-03 9.747046150923657226e-01
1.446579199851155906e+00 1.901919609770368275e-03 9.770625481060736250e-01
1.452868674633117418e+00 1.628642275198056207e-03 9.793081485793172503e-01
1.459158149415078931e+00 1.382708916278999577e-03 9.814407973492753623e-01
1.465447624197040444e+00 1.162724186130930292e-03 9.834599061414860399e-01
1.471737098979002178e+00 9.672824540497528467e-04 9.853649177725122277e-01
1.478026573760963691e+00 7.949683646247807361e-04 9.871553063419095109e-01
1.484316048542925204e+00 6.443574003550297516e-04 9.888305774134259485e-01
1.490605523324886716e+00 5.140164475640678987e-04 9.903902681853695711e-01
1.496894998106848229e+00 4.025043654095393584e-04 9.918339476500842578e-01
1.503184472888809742e+00 3.083725577824911017e-04 9.931612167424751503e-01
1.509473947670771476e+00 2.301655478905785849e-04 9.943717084775358650e-01
1.515763422452732989e+00 1.664215553182724972e-04 9.954650880768203258e-01
1.522052897234694502e+00 1.156730753562637521e-04 9.964410530838252456e-01
1.528342372016656014e+00 7.644746039154340584e-05 9.972993334682301869e-01
1.534631846798617527e+00 4.726750314880555137e-05 9.980396917189705563e-01
1.540921321580579040e+00 2.665202157321932411e-05 9.986619229260987884e-01
1.547210796362540552e+00 1.311644514401159987e-05 9.991658548514165128e-01
1.553500271144502287e+00 5.173402407794695879e-06 9.995513479878392893e-01
1.559789745926463800e+00 1.333309520139796248e-06 9.998182956074875838e-01
1.566079220708425312e+00 1.049595835326232683e-07 9.999666237984726758e-01
1.572368695490386825e+00 -3.887430426780142120e-09 9.999962914903766098e-01
1.578658170272348338e+00 -4.859143869366707019e-07 9.999072904684072061e-01
1.584947645054309850e+00 -2.833656534501065044e-06 9.996996453762321266e-01
1.591237119836271585e+00 -8.538911104573981861e-06 9.993734137074813395e-01
1.597526594618233098e+00 -1.909214717686135855e-05 9.989286857859310809e-01
1.603816069400194610e+00 -3.598191602271150690e-05 9.983655847343684275e-01
1.610105544182156123e+00 -6.069426213884759430e-05 9.976842664321514675e-01
1.616395018964117636e+00 -9.471213518345587075e-05 9.968849194614786136e-01
1.622684493746079148e+00 -1.395148030263181906e-04 9.959677650423870432e-01
1.628973968528040661e+00 -1.965772661242813830e-04 9.949330569565030258e-01
1.635263443310002396e+00 -2.673696734328868149e-04 9.937810814595723352e-01
1.641552918091963909e+00 -3.533567400644152773e-04 9.925121571827961731e-01
1.647842392873925421e+00 -4.559971669020385001e-04 9.911266350230184541e-01
1.654131867655886934e+00 -5.767430623789753614e-04 9.896248980217901003e-01
1.660421342437848446e+00 -7.170393666308777199e-04 9.880073612333660771e-01
1.666710817219809959e+00 -8.783232782287573887e-04 9.862744715816718077e-01
1.673000292001771694e+00 -1.062023683698887699e-03 9.844267077062963667e-01
1.679289766783733207e+00 -1.269560590035054108e-03 9.824645797975620765e-01
1.685579241565694719e+00 -1.502344560407613836e-03 9.803886294207337926e-01
1.691868716347656232e+00 -1.761776153272446438e-03 9.781994293294279386e-01
1.698158191129617745e+00 -2.049245365081897759e-03 9.758975832682851292e-01
1.704447665911579257e+00 -2.366131076798393216e-03 9.734837257649807674e-01
1.710737140693540770e+00 -2.713800504410108453e-03 9.709585219116448895e-01
1.717026615475502505e+00 -3.093608653646619765e-03 9.683226671357693105e-01
1.723316090257464017e+00 -3.506897779090925159e-03 9.655768869606831117e-01
1.729605565039425530e+00 -3.954996847882892054e-03 9.627219367556806295e-01
1.735895039821387043e+00 -4.439221008207103539e-03 9.597586014758934247e-01
1.742184514603348555e+00 -4.960871062756843503e-03 9.566876953919943860e-01
1.748473989385310068e+00 -5.521232947363889643e-03 9.535100618098342196e-01
1.754763464167271803e+00 -6.121577214982069914e-03 9.502265727801060269e-01
1.761052938949233315e+00 -6.763158525210468015e-03 9.468381287981426642e-01
1.767342413731194828e+00 -7.447215139540602248e-03 9.433456584939533540e-01
1.773631888513156341e+00 -8.174968422509211116e-03 9.397501183126092394e-01
1.779921363295117853e+00 -8.947622348936749848e-03 9.360524921850925661e-01
1.786210838077079366e+00 -9.766363017429323737e-03 9.322537911897209595e-01
1.792500312859041101e+00 -1.063235817031944405e-02 9.283550532042766923e-01
1.798789787641002613e+00 -1.154675672021874058e-02 9.243573425489526318e-01
1.805079262422964126e+00 -1.251068828335386018e-02 9.202617496202520897e-01
1.811368737204925639e+00 -1.352526271985336238e-02 9.160693905159633665e-01
1.817658211986887151e+00 -1.459156968115203276e-02 9.117814066513506566e-01
1.823947686768848664e+00 -1.571067816467579953e-02 9.073989643666885430e-01
1.830237161550810177e+00 -1.688363607596811422e-02 9.029232545262877441e-01
1.836526636332771911e+00 -1.811146979841593216e-02 8.983554921091462253e-01
1.842816111114733424e+00 -1.939518377073065625e-02 8.936969157913796646e-01
1.849105585896694937e+00 -2.073576007233705540e-02 8.889487875205698275e-01
1.855395060678656449e+00 -2.213415801681956410e-02 8.841123920821890581e-01
1.861684535460617962e+00 -2.359131375357311627e-02 8.791890366582515437e-01
1.867974010242579475e+00 -2.510813987780283543e-02 8.741800503783491161e-01
1.874263485024541209e+00 -2.668552504901330544e-02 8.690867838632271303e-01
1.880552959806502722e+00 -2.832433361812548150e-02 8.639106087610703977e-01
1.886842434588464235e+00 -3.002540526335684481e-02 8.586529172766521611e-01
1.893131909370425747e+00 -3.178955463499569256e-02 8.533151216935236372e-01
1.899421384152387260e+00 -3.361757100919898766e-02 8.478986538894072167e-01
1.905710858934348773e+00 -3.551021795093897010e-02 8.424049648449676297e-01
1.912000333716310507e+00 -3.746823298622086601e-02 8.368355241461337135e-01
1.918289808498272020e+00 -3.949232728369004436e-02 8.311918194801505289e-01
1.924579283280233533e+00 -4.158318534574555192e-02 8.254753561255331329e-01
1.930868758062195045e+00 -4.374146470927032376e-02 8.196876564361137429e-01
1.937158232844156558e+00 -4.596779565608841156e-02 8.138302593193541545e-01
1.943447707626118071e+00 -4.826278093325352819e-02 8.079047197091170363e-01
1.949737182408079583e+00 -5.062699548327122961e-02 8.019126080330758466e-01
1.956026657190041318e+00 -5.306098618435260011e-02 7.958555096749591051e-01
1.962316131972002831e+00 -5.556527160079414301e-02 7.897350244318136481e-01
1.968605606753964343e+00 -5.814034174357543550e-02 7.835527659664814903e-01
1.974895081535925856e+00 -6.078665784126104782e-02 7.773103612554868036e-01
1.981184556317887369e+00 -6.350465212129109693e-02 7.710094500325247457e-01
1.987474031099848881e+00 -6.629472760174032198e-02 7.646516842277500947e-01
1.993763505881810616e+00 -6.915725789362194009e-02 7.582387274030684132e-01
2.000052980663772129e+00 -7.209258701380830137e-02 7.517722541836241446e-01
2.006342455445733641e+00 -7.510102920863860609e-02 7.452539496856892542e-01
2.012631930227695154e+00 -7.818286878827655773e-02 7.386855089411591413e-01
2.018921405009656667e+00 -8.133835997188047784e-02 7.320686363188517731e-01
2.025210879791618179e+00 -8.456772674364287923e-02 7.254050449428238734e-01
2.031500354573579692e+00 -8.787116271975230208e-02 7.186964561079012270e-01
2.037789829355541205e+00 -9.124883102632767862e-02 7.119445986926389303e-01
2.044079304137502717e+00 -9.470086418837003750e-02 7.051512085699140897e-01
2.050368778919464230e+00 -9.822736402977381986e-02 6.983180280153594710e-01
2.056658253701426187e+00 -1.018284015844352769e-01 6.914468051138515925e-01
2.062947728483387699e+00 -1.055040170184902565e-01 6.845392931642618750e-01
2.069237203265349212e+00 -1.092542195637153796e-01 6.775972500826770162e-01
2.075526678047310725e+00 -1.130789874621124375e-01 6.706224378043080803e-01
2.081816152829272237e+00 -1.169782679217025584e-01 6.636166216842941390e-01
2.088105627611233750e+00 -1.209519770835456726e-01 6.565815698976161796e-01
2.094395102393195263e+00 -1.249999999999998335e-01 6.495190528383291140e-01
2.100684577175156775e+00 -1.291221906242299433e-01 6.424308425183317128e-01
2.106974051957118288e+00 -1.333183718109712257e-01 6.353187119658799675e-01
2.113263526739079801e+00 -1.375883353285505539e-01 6.281844346240615939e-01
2.119553001521041313e+00 -1.419318418821614858e-01 6.210297837494445083e-01
2.125842476303002826e+00 -1.463486211483882304e-01 6.138565318111087743e-01
2.132131951084964339e+00 -1.508383718209679591e-01 6.066664498902776259e-01
2.138421425866926295e+00 -1.554007616677765546e-01 5.994613070807610633e-01
2.144710900648887808e+00 -1.600354275990188146e-01 5.922428698904206312e-01
2.151000375430849321e+00 -1.647419757466051238e-01 5.850129016438698759e-01
2.157289850212810833e+00 -1.695199815546817590e-01 5.777731618866209784e-01
2.163579324994772346e+00 -1.743689898812890160e-01 5.705254057908891729e-01
2.169868799776733859e+00 -1.792885151111124065e-01 5.632713835632644495e-01
2.176158274558695371e+00 -1.842780412792874856e-01 5.560128398544605943e-01
2.182447749340656884e+00 -1.893370222062165653e-01 5.487515131713494032e-01
2.188737224122618397e+00 -1.944648816433525995e-01 5.414891352914895650e-01
2.195026698904579909e+00 -1.996610134298975325e-01 5.342274306803566075e-01
2.201316173686541422e+00 -2.049247816603645134e-01 5.269681159114800728e-01
2.207605648468502935e+00 -2.102555208629435235e-01 5.197128990896914269e-01
2.213895123250464891e+00 -2.156525361886104941e-01 5.124634792776913139e-01
2.220184598032426404e+00 -2.211151036109121892e-01 5.052215459261343300e-01
2.226474072814387917e+00 -2.266424701363629612e-01 4.979887783074314900e-01
2.232763547596349429e+00 -2.322338540253726658e-01 4.907668449534783317e-01
2.239053022378310942e+00 -2.378884450236352366e-01 4.835574030975000048e-01
2.245342497160272455e+00 -2.436054046038948206e-01 4.763620981202122961e-01
2.251631971942233967e+00 -2.493838662180045407e-01 4.691825630004972658e-01
2.257921446724195480e+00 -2.552229355591926763e-01 4.620204177707840087e-01
2.264210921506156993e+00 -2.611216908344413667e-01 4.548772689773292743e-01
2.270500396288118505e+00 -2.670791830468857708e-01 4.477547091455867934e-01
2.276789871070080018e+00 -2.730944362881324028e-01 4.406543162508563261e-01
2.283079345852041531e+00 -2.791664480403964199e-01 4.335776531943986711e-01
2.289368820634003043e+00 -2.852941894883508356e-01 4.265262672851989900e-01
2.295658295415965000e+00 -2.914766058405786064e-01 4.195016897275660184e-01
2.301947770197926513e+00 -2.977126166605147395e-01 4.125054351147459109e-01
2.308237244979888025e+00 -3.040011162067648431e-01 4.055390009287260789e-01
2.314526719761849538e+00 -3.103409737826754999e-01 3.986038670464122080e-01
2.320816194543811051e+00 -3.167310340950395542e-01 3.917014952523484861e-01
2.327105669325772563e+00 -3.231701176218055305e-01 3.848333287581519047e-01
2.333395144107734076e+00 -3.296570209886656166e-01 3.780007917288351060e-01
2.339684618889695589e+00 -3.361905173543880410e-01 3.712052888161783137e-01
2.345974093671657101e+00 -3.427693568047583406e-01 3.644482046993207658e-01
2.352263568453618614e+00 -3.493922667549913541e-01 3.577309036327299685e-01
2.358553043235580127e+00 -3.560579523604727181e-01 3.510547290017088096e-01
2.364842518017541639e+00 -3.627650969356840949e-01 3.444210028855992367e-01
2.371131992799503152e+00 -3.695123623811673030e-01 3.378310256288321045e-01
2.377421467581465109e+00 -3.762983896183729193e-01 3.312860754199785651e-01
2.383710942363426621e+00 -3.831217990322429157e-01 3.247874078789508845e-01
2.390000417145388134e+00 -3.899811909213733441e-01 3.183362556524914067e-01
2.396289891927349647e+00 -3.968751459555929229e-01 3.119338280181024325e-01
2.402579366709311159e+00 -4.038022256408007604e-01 3.055813104965481308e-01
2.408868841491272672e+00 -4.107609727908977382e-01 2.992798644730689239e-01
2.415158316273234185e+00 -4.177499120066452409e-01 2.930306268274388559e-01
2.421447791055195697e+00 -4.247675501612826476e-01 2.868347095729987806e-01
2.427737265837157210e+00 -4.318123768927318307e-01 2.806931995047890482e-01
2.434026740619118723e+00 -4.388828651022148031e-01 2.746071578569075911e-01
2.440316215401080235e+00 -4.459774714591090983e-01 2.685776199692127553e-01
2.446605690183041748e+00 -4.530946369118638573e-01 2.626055949634879538e-01
2.452895164965003261e+00 -4.602327872047915491e-01 2.566920654291812154e-01
2.459184639746965217e+00 -4.673903334005615196e-01 2.508379871188289867e-01
2.465474114528926730e+00 -4.745656724081977473e-01 2.450442886532759323e-01
2.471763589310888243e+00 -4.817571875164121664e-01 2.393118712367836576e-01
2.478053064092849755e+00 -4.889632489320658304e-01 2.336416083821390155e-01
2.484342538874811268e+00 -4.961822143235823379e-01 2.280343456458515661e-01
2.490632013656772781e+00 -5.034124293691148999e-01 2.224909003735340285e-01
2.496921488438734293e+00 -5.106522283092739256e-01 2.170120614555546557e-01
2.503210963220695806e+00 -5.178999345042208935e-01 2.115985890930476843e-01
2.509500438002657319e+00 -5.251538609949314429e-01 2.062512145743613801e-01
2.515789912784618831e+00 -5.324123110684292337e-01 2.009706400620225042e-01
2.522079387566580344e+00 -5.396735788267899014e-01 1.957575383902920019e-01
2.528368862348541857e+00 -5.469359497597137132e-01 1.906125528733801644e-01
2.534658337130503369e+00 -5.541977013204678615e-01 1.855362971243889880e-01
2.540947811912465326e+00 -5.614571035049901182e-01 1.805293548850439300e-01
2.547237286694426839e+00 -5.687124194339499006e-01 1.755922798662750417e-01
2.553526761476388351e+00 -5.759619059375669092e-01 1.707255955996980767e-01
2.559816236258349864e+00 -5.832038141429694011e-01 1.659297953000526959e-01
2.566105711040311377e+00 -5.904363900638956997e-01 1.612053417386399012e-01
2.572395185822272889e+00 -5.976578751925210042e-01 1.565526671278046067e-01
2.578684660604234402e+00 -6.048665070932071064e-01 1.519721730165000395e-01
2.584974135386195915e+00 -6.120605199979605171e-01 1.474642301969723290e-01
2.591263610168157427e+00 -6.192381454033907273e-01 1.430291786225935391e-01
2.597553084950118940e+00 -6.263976126689553281e-01 1.386673273368725090e-01
2.603842559732080453e+00 -6.335371496162819360e-01 1.343789544136656522e-01
2.610132034514041965e+00 -6.406549831293538722e-01 1.301643069086075022e-01
2.616421509296003478e+00 -6.477493397553476528e-01 1.260236008217762160e-01
2.622710984077965435e+00 -6.548184463059101290e-01 1.219570210716049291e-01
2.629000458859926947e+00 -6.618605304586575588e-01 1.179647214800481209e-01
2.635289933641888460e+00 -6.688738213586956638e-01 1.140468247690018117e-01
2.641579408423849973e+00 -6.758565502199315178e-01 1.102034225679825313e-01
2.647868883205811485e+00 -6.828069509259774295e-01 1.064345754330564137e-01
2.654158357987772998e+00 -6.897232606304266600e-01 1.027403128770107421e-01
2.660447832769734511e+00 -6.966037203562933655e-01 9.912063341075520728e-02
2.666737307551696023e+00 -7.034465755944002696e-01 9.557550459593612546e-02
2.673026782333657536e+00 -7.102500769005040127e-01 9.210486310874285709e-02
2.679316257115619049e+00 -7.170124804909471239e-01 8.870861481488115374e-02
2.685605731897580561e+00 -7.237320488366251192e-01 8.538663485568562250e-02
2.691895206679542074e+00 -7.304070512550576710e-01 8.213876774533730718e-02
2.698184681461504031e+00 -7.370357645003553504e-01 7.896482747915080369e-02
2.704474156243465544e+00 -7.436164733508711100e-01 7.586459765289053914e-02
2.710763631025427056e+00 -7.501474711943320051e-01 7.283783159306890520e-02
2.717053105807388569e+00 -7.566270606102390994e-01 6.988425249818185081e-02
2.723342580589350082e+00 -7.630535539493324970e-01 6.700355359082652007e-02
2.729632055371311594e+00 -7.694252739099142202e-01 6.419539828064578513e-02
2.735921530153273107e+00 -7.757405541108275404e-01 6.145942033803928478e-02
2.742211004935234619e+00 -7.819977396608861486e-01 5.879522407857722122e-02
2.748500479717196132e+00 -7.881951877245538807e-01 5.620238455804883043e-02
2.754789954499157645e+00 -7.943312680836731587e-01 5.368044777807423618e-02
2.761079429281119157e+00 -8.004043636950458618e-01 5.122893090220412976e-02
2.767368904063080670e+00 -8.064128712436631208e-01 4.884732248242825564e-02
2.773658378845042183e+00 -8.123552016913959672e-01 4.653508269600985237e-02
2.779947853627004140e+00 -8.182297808209439971e-01 4.429164359255961803e-02
2.786237328408965652e+00 -8.240350497748566427e-01 4.211640935125972318e-02
2.792526803190927165e+00 -8.297694655894310989e-01 4.000875654814194105e-02
2.798816277972888678e+00 -8.354315017233004959e-01 3.796803443332564393e-02
2.805105752754850190e+00 -8.410196485805224720e-01 3.599356521811250542e-02
2.811395227536811703e+00 -8.465324140279840703e-01 3.408464437183425511e-02
2.817684702318773216e+00 -8.519683239069408831e-01 3.224054092834571783e-02
2.823974177100734728e+00 -8.573259225385068127e-01 3.046049780205164342e-02
2.830263651882696241e+00 -8.626037732229162591e-01 2.874373211335254363e-02
2.836553126664657754e+00 -8.678004587323816521e-01 2.708943552339177635e-02
2.842842601446619266e+00 -8.729145817973719135e-01 2.549677457798209604e-02
2.849132076228580779e+00 -8.779447655861390976e-01 2.396489106058729418e-02
2.855421551010542291e+00 -8.828896541773221252e-01 2.249290235423095571e-02
2.861711025792504248e+00 -8.877479130254640749e-01 2.107990181220107187e-02
2.868000500574465761e+00 -8.925182294192713917e-01 1.972495913741703633e-02
2.874289975356427274e+00 -8.971993129324598026e-01 1.842712077032017740e-02
2.880579450138388786e+00 -9.017898958670202969e-01 1.718541028514943003e-02
2.886868924920350299e+00 -9.062887336887550660e-01 1.599882879445738496e-02
2.893158399702311812e+00 -9.106946054549205360e-01 1.486635536172116467e-02
2.899447874484273324e+00 -9.150063142338339395e-01 1.378694742189853426e-02
2.905737349266234837e+00 -9.192226875162908817e-01 1.275954120977772221e-02
2.912026824048196350e+00 -9.233425776186462430e-01 1.178305219596582736e-02
2.918316298830157862e+00 -9.273648620774201934e-01 1.085637553035850682e-02
2.924605773612119375e+00 -9.312884440352842130e-01 9.978386492930767931e-03
2.930895248394080888e+00 -9.351122526182945593e-01 9.147940951686084343e-03
2.937184723176042400e+00 -9.388352433042377321e-01 8.363875827598557175e-03
2.943474197958004357e+00 -9.424563982819555985e-01 7.625009566380228608e-03
2.949763672739965870e+00 -9.459747268015251676e-01 6.930142616903670755e-03
2.956053147521927382e+00 -9.493892655151705551e-01 6.278057916106420840e-03
2.962342622303888895e+00 -9.526990788087776885e-01 5.667521380203406102e-03
2.968632097085850408e+00 -9.559032591239067234e-01 5.097282402029424363e-03
2.974921571867811920e+00 -9.590009272701779386e-01 4.566074354332603016e-03
2.981211046649773433e+00 -9.619912327279238617e-01 4.072615098837347944e-03
2.987500521431734946e+00 -9.648733539410013771e-01 3.615607500893224316e-03
2.993789996213696458e+00 -9.676464985996588997e-01 3.193739949524283979e-03
3.000079470995657971e+00 -9.703099039133566972e-01 2.805686882691348343e-03
3.006368945777619484e+00 -9.728628368734465459e-01 2.450109317577985838e-03
3.012658420559580996e+00 -9.753045945056167954e-01 2.125655385709049067e-03
3.018947895341542953e+00 -9.776345041120106938e-01 1.830960872708981869e-03
3.025237370123504466e+00 -9.798519235029344854e-01 1.564649762505494280e-03
3.031526844905465978e+00 -9.819562412180747879e-01 1.325334785782284570e-03
3.037816319687427491e+00 -9.839468767371428726e-01 1.111617972483629506e-03
3.044105794469389004e+00 -9.858232806798721271e-01 9.220912081715210281e-04
3.050395269251350516e+00 -9.875849349953008671e-01 7.553367940350897477e-04
3.056684744033312029e+00 -9.892313531402696647e-01 6.099280103506012681e-04
3.062974218815273542e+00 -9.907620802470713528e-01 4.844296831891078048e-04
3.069263693597235054e+00 -9.921766932801941996e-01 3.773987541676750677e-04
3.075553168379196567e+00 -9.934748011821047387e-01 2.873848530390275022e-04
3.081842643161158080e+00 -9.946560450080108584e-01 2.129308729134327084e-04
3.088132117943119592e+00 -9.957200980495708453e-01 1.525735479057154041e-04
3.094421592725081105e+00 -9.966666659474890944e-01 1.048440329994244560e-04
3.100711067507043062e+00 -9.974954867929719526e-01 6.826848591938376840e-05
3.107000542289004574e+00 -9.982063312179970671e-01 4.136865080315779160e-05
3.113290017070966087e+00 -9.987990024743726991e-01 2.266244346127170621e-05
3.119579491852927600e+00 -9.992733365015531444e-01 1.066453801554726933e-05
3.125868966634889112e+00 -9.996292019831881648e-01 3.886954704332220111e-06
3.132158441416850625e+00 -9.998665003923885575e-01 8.396486430432884977e-07
3.138447916198812138e+00 -9.999851660256873220e-01 3.109932808167639411e-08
3.144737390980773650e+00 -9.999851660256873220e-01 -3.109932808165595283e-08
3.151026865762735163e+00 -9.998665003923885575e-01 -8.396486430431045856e-07
3.157316340544696676e+00 -9.996292019831881648e-01 -3.886954704331707656e-06
3.163605815326658188e+00 -9.992733365015531444e-01 -1.066453801554626475e-05
3.169895290108619701e+00 -9.987990024743730322e-01 -2.266244346127005619e-05
3.176184764890581214e+00 -9.982063312179974002e-01 -4.136865080315532504e-05
3.182474239672543170e+00 -9.974954867929722857e-01 -6.826848591938254867e-05
3.188763714454504683e+00 -9.966666659474894274e-01 -1.048440329994198753e-04
3.195053189236466196e+00 -9.957200980495708453e-01 -1.525735479057095223e-04
3.201342664018427708e+00 -9.946560450080111915e-01 -2.129308729134253629e-04
3.207632138800389221e+00 -9.934748011821047387e-01 -2.873848530390184491e-04
3.213921613582350734e+00 -9.921766932801945327e-01 -3.773987541676641715e-04
3.220211088364312246e+00 -9.907620802470713528e-01 -4.844296831890949570e-04
3.226500563146273759e+00 -9.892313531402696647e-01 -6.099280103505866314e-04
3.232790037928235272e+00 -9.875849349953008671e-01 -7.553367940350728341e-04
3.239079512710196784e+00 -9.858232806798721271e-01 -9.220912081715016209e-04
3.245368987492158297e+00 -9.839468767371428726e-01 -1.111617972483607605e-03
3.251658462274119810e+00 -9.819562412180751210e-01 -1.325334785782260067e-03
3.257947937056081322e+00 -9.798519235029344854e-01 -1.564649762505466741e-03
3.264237411838043279e+00 -9.776345041120106938e-01 -1.830960872708970594e-03
3.270526886620004792e+00 -9.753045945056171284e-01 -2.125655385709014807e-03
3.276816361401966304e+00 -9.728628368734468790e-01 -2.450109317577947674e-03
3.283105836183927817e+00 -9.703099039133570303e-01 -2.805686882691308445e-03
3.289395310965889330e+00 -9.676464985996592327e-01 -3.193739949524238876e-03
3.295684785747850842e+00 -9.648733539410017102e-01 -3.615607500893175310e-03
3.301974260529812355e+00 -9.619912327279241948e-01 -4.072615098837295035e-03
3.308263735311773868e+00 -9.590009272701782717e-01 -4.566074354332548373e-03
3.314553210093735380e+00 -9.559032591239070564e-01 -5.097282402029365382e-03
3.320842684875696893e+00 -9.526990788087779105e-01 -5.667521380203341917e-03
3.327132159657658406e+00 -9.493892655151708881e-01 -6.278057916106349716e-03
3.333421634439619918e+00 -9.459747268015258337e-01 -6.930142616903597896e-03
3.339711109221581431e+00 -9.424563982819559316e-01 -7.625009566380147943e-03
3.346000584003543388e+00 -9.388352433042380651e-01 -8.363875827598470439e-03
3.352290058785504900e+00 -9.351122526182948924e-01 -9.147940951685994138e-03
3.358579533567466413e+00 -9.312884440352845461e-01 -9.978386492930672522e-03
3.364869008349427926e+00 -9.273648620774208595e-01 -1.085637553035840794e-02
3.371158483131389438e+00 -9.233425776186469092e-01 -1.178305219596572327e-02
3.377447957913350951e+00 -9.192226875162912147e-01 -1.275954120977761293e-02
3.383737432695312464e+00 -9.150063142338342725e-01 -1.378694742189841976e-02
3.390026907477273976e+00 -9.106946054549207581e-01 -1.486635536172104324e-02
3.396316382259235489e+00 -9.062887336887556211e-01 -1.599882879445726006e-02
3.402605857041197002e+00 -9.017898958670208520e-01 -1.718541028514929819e-02
3.408895331823158514e+00 -8.971993129324600247e-01 -1.842712077032003862e-02
3.415184806605120027e+00 -8.925182294192720578e-01 -1.972495913741689061e-02
3.421474281387081540e+00 -8.877479130254647410e-01 -2.107990181220091921e-02
3.427763756169043496e+00 -8.828896541773224582e-01 -2.249290235423079612e-02
3.434053230951005009e+00 -8.779447655861394306e-01 -2.396489106058713112e-02
3.440342705732966522e+00 -8.729145817973725796e-01 -2.549677457798192257e-02
3.446632180514928034e+00 -8.678004587323823182e-01 -2.708943552339159594e-02
3.452921655296889547e+00 -8.626037732229169253e-01 -2.874373211335235628e-02
3.459211130078851060e+00 -8.573259225385073679e-01 -3.046049780205144913e-02
3.465500604860812572e+00 -8.519683239069414382e-01 -3.224054092834553048e-02
3.471790079642774085e+00 -8.465324140279846254e-01 -3.408464437183404000e-02
3.478079554424735598e+00 -8.410196485805230271e-01 -3.599356521811229032e-02
3.484369029206697110e+00 -8.354315017233013840e-01 -3.796803443332543576e-02
3.490658503988658623e+00 -8.297694655894316540e-01 -4.000875654814170512e-02
3.496947978770620136e+00 -8.240350497748573089e-01 -4.211640935125948032e-02
3.503237453552582092e+00 -8.182297808209443302e-01 -4.429164359255953476e-02
3.509526928334543605e+00 -8.123552016913965224e-01 -4.653508269600958869e-02
3.515816403116505118e+00 -8.064128712436640090e-01 -4.884732248242799196e-02
3.522105877898466630e+00 -8.004043636950465279e-01 -5.122893090220387996e-02
3.528395352680428143e+00 -7.943312680836737139e-01 -5.368044777807397250e-02
3.534684827462389656e+00 -7.881951877245544358e-01 -5.620238455804853900e-02
3.540974302244351168e+00 -7.819977396608867037e-01 -5.879522407857691590e-02
3.547263777026312681e+00 -7.757405541108284286e-01 -6.145942033803900029e-02
3.553553251808274194e+00 -7.694252739099151084e-01 -6.419539828064547982e-02
3.559842726590235706e+00 -7.630535539493332742e-01 -6.700355359082622864e-02
3.566132201372197219e+00 -7.566270606102398766e-01 -6.988425249818153162e-02
3.572421676154158732e+00 -7.501474711943328932e-01 -7.283783159306858601e-02
3.578711150936120244e+00 -7.436164733508718871e-01 -7.586459765289020607e-02
3.585000625718082201e+00 -7.370357645003555724e-01 -7.896482747915067879e-02
3.591290100500043714e+00 -7.304070512550585592e-01 -8.213876774533693248e-02
3.597579575282005226e+00 -7.237320488366258964e-01 -8.538663485568526168e-02
3.603869050063966739e+00 -7.170124804909479010e-01 -8.870861481488079292e-02
3.610158524845928252e+00 -7.102500769005047898e-01 -9.210486310874248239e-02
3.616447999627889764e+00 -7.034465755944010468e-01 -9.557550459593575076e-02
3.622737474409851277e+00 -6.966037203562941427e-01 -9.912063341075481870e-02
3.629026949191812790e+00 -6.897232606304274372e-01 -1.027403128770103397e-01
3.635316423973774302e+00 -6.828069509259782066e-01 -1.064345754330559973e-01
3.641605898755735815e+00 -6.758565502199322950e-01 -1.102034225679821011e-01
3.647895373537697328e+00 -6.688738213586964410e-01 -1.140468247690013814e-01
3.654184848319658840e+00 -6.618605304586583360e-01 -1.179647214800477184e-01
3.660474323101620353e+00 -6.548184463059105731e-01 -1.219570210716044850e-01
3.666763797883582310e+00 -6.477493397553483190e-01 -1.260236008217757997e-01
3.673053272665543822e+00 -6.406549831293545383e-01 -1.301643069086070859e-01
3.679342747447505335e+00 -6.335371496162827132e-01 -1.343789544136652081e-01
3.685632222229466848e+00 -6.263976126689563273e-01 -1.386673273368720649e-01
3.691921697011428360e+00 -6.192381454033917265e-01 -1.430291786225930117e-01
3.698211171793389873e+00 -6.120605199979612943e-01 -1.474642301969717739e-01
3.704500646575351386e+00 -6.048665070932077725e-01 -1.519721730164994844e-01
3.710790121357312898e+00 -5.976578751925217814e-01 -1.565526671278040238e-01
3.717079596139274411e+00 -5.904363900638965879e-01 -1.612053417386394016e-01
3.723369070921235924e+00 -5.832038141429702893e-01 -1.659297953000520853e-01
3.729658545703197436e+00 -5.759619059375675754e-01 -1.707255955996975771e-01
3.735948020485158949e+00 -5.687124194339505667e-01 -1.755922798662745143e-01
3.742237495267120462e+00 -5.614571035049907843e-01 -1.805293548850434027e-01
3.748526970049082419e+00 -5.541977013204685276e-01 -1.855362971243884607e-01
3.754816444831043931e+00 -5.469359497597146014e-01 -1.906125528733796093e-01
3.761105919613005444e+00 -5.396735788267907896e-01 -1.957575383902914468e-01
3.767395394394966956e+00 -5.324123110684301219e-01 -2.009706400620219213e-01
3.773684869176928469e+00 -5.251538609949323311e-01 -2.062512145743607972e-01
3.779974343958889982e+00 -5.178999345042216707e-01 -2.115985890930471014e-01
3.786263818740851494e+00 -5.106522283092747028e-01 -2.170120614555540450e-01
3.792553293522813007e+00 -5.034124293691157881e-01 -2.224909003735334179e-01
3.798842768304774520e+00 -4.961822143235831706e-01 -2.280343456458509277e-01
3.805132243086736032e+00 -4.889632489320666631e-01 -2.336416083821384049e-01
3.811421717868697545e+00 -4.817571875164129991e-01 -2.393118712367830192e-01
3.817711192650659058e+00 -4.745656724081985800e-01 -2.450442886532754050e-01
3.824000667432621015e+00 -4.673903334005617416e-01 -2.508379871188287646e-01
3.830290142214582527e+00 -4.602327872047923263e-01 -2.566920654291805493e-01
3.836579616996544040e+00 -4.530946369118646344e-01 -2.626055949634873987e-01
3.842869091778505553e+00 -4.459774714591100975e-01 -2.685776199692120336e-01
3.849158566560467065e+00 -4.388828651022155247e-01 -2.746071578569068694e-01
3.855448041342428578e+00 -4.318123768927326078e-01 -2.806931995047883266e-01
3.861737516124390091e+00 -4.247675501612834248e-01 -2.868347095729982255e-01
3.868026990906351603e+00 -4.177499120066459626e-01 -2.930306268274383008e-01
3.874316465688313116e+00 -4.107609727908984598e-01 -2.992798644730681468e-01
3.880605940470274628e+00 -4.038022256408015376e-01 -3.055813104965473537e-01
3.886895415252236141e+00 -3.968751459555936445e-01 -3.119338280181016554e-01
3.893184890034197654e+00 -3.899811909213740102e-01 -3.183362556524907960e-01
3.899474364816159166e+00 -3.831217990322435818e-01 -3.247874078789502184e-01
3.905763839598121123e+00 -3.762983896183732524e-01 -3.312860754199783986e-01
3.912053314380082636e+00 -3.695123623811679692e-01 -3.378310256288312718e-01
3.918342789162044149e+00 -3.627650969356849275e-01 -3.444210028855984040e-01
3.924632263944005661e+00 -3.560579523604733843e-01 -3.510547290017081434e-01
3.930921738725967174e+00 -3.493922667549921868e-01 -3.577309036327291358e-01
3.937211213507928687e+00 -3.427693568047591732e-01 -3.644482046993200997e-01
3.943500688289890199e+00 -3.361905173543888736e-01 -3.712052888161776476e-01
3.949790163071851712e+00 -3.296570209886662273e-01 -3.780007917288343844e-01
3.956079637853813225e+00 -3.231701176218061966e-01 -3.848333287581512385e-01
3.962369112635774737e+00 -3.167310340950403313e-01 -3.917014952523475424e-01
3.968658587417736250e+00 -3.103409737826762771e-01 -3.986038670464114864e-01
3.974948062199697763e+00 -3.040011162067656203e-01 -4.055390009287253572e-01
3.981237536981659275e+00 -2.977126166605155166e-01 -4.125054351147451337e-01
3.987527011763621232e+00 -2.914766058405788840e-01 -4.195016897275658518e-01
3.993816486545582745e+00 -2.852941894883513907e-01 -4.265262672851982684e-01
4.000105961327544257e+00 -2.791664480403971416e-01 -4.335776531943978940e-01
4.006395436109505326e+00 -2.730944362881335130e-01 -4.406543162508549938e-01
4.012684910891467283e+00 -2.670791830468864370e-01 -4.477547091455857942e-01
4.018974385673428351e+00 -2.611216908344424215e-01 -4.548772689773278866e-01
4.025263860455390308e+00 -2.552229355591933424e-01 -4.620204177707833981e-01
4.031553335237352265e+00 -2.493838662180047905e-01 -4.691825630004970438e-01
4.037842810019313333e+00 -2.436054046038954590e-01 -4.763620981202115190e-01
4.044132284801275290e+00 -2.378884450236355141e-01 -4.835574030974995607e-01
4.050421759583236359e+00 -2.322338540253732764e-01 -4.907668449534774990e-01
4.056711234365198315e+00 -2.266424701363631833e-01 -4.979887783074312679e-01
4.063000709147159384e+00 -2.211151036109127999e-01 -5.052215459261335528e-01
4.069290183929121341e+00 -2.156525361886107439e-01 -5.124634792776910919e-01
4.075579658711082409e+00 -2.102555208629444672e-01 -5.197128990896900946e-01
4.081869133493044366e+00 -2.049247816603650962e-01 -5.269681159114791846e-01
4.088158608275005435e+00 -1.996610134298984485e-01 -5.342274306803553863e-01
4.094448083056967391e+00 -1.944648816433531546e-01 -5.414891352914886768e-01
4.100737557838928460e+00 -1.893370222062175368e-01 -5.487515131713480709e-01
4.107027032620890417e+00 -1.842780412792880129e-01 -5.560128398544597061e-01
4.113316507402852373e+00 -1.792885151111126008e-01 -5.632713835632642274e-01
4.119605982184813442e+00 -1.743689898812895434e-01 -5.705254057908882848e-01
4.125895456966775399e+00 -1.695199815546819533e-01 -5.777731618866207564e-01
4.132184931748736467e+00 -1.647419757466056234e-01 -5.850129016438692098e-01
4.138474406530698424e+00 -1.600354275990190089e-01 -5.922428698904204092e-01
4.144763881312659493e+00 -1.554007616677770265e-01 -5.994613070807600641e-01
4.151053356094621449e+00 -1.508383718209684310e-01 -6.066664498902768488e-01
4.157342830876582518e+00 -1.463486211483890631e-01 -6.138565318111073310e-01
4.163632305658544475e+00 -1.419318418821619299e-01 -6.210297837494438422e-01
4.169921780440505543e+00 -1.375883353285513588e-01 -6.281844346240603727e-01
4.176211255222467500e+00 -1.333183718109716698e-01 -6.353187119658793014e-01
4.182500730004428569e+00 -1.291221906242306372e-01 -6.424308425183304916e-01
4.188790204786390525e+00 -1.250000000000003331e-01 -6.495190528383286699e-01
4.195079679568352482e+00 -1.209519770835457975e-01 -6.565815698976159576e-01
4.201369154350313551e+00 -1.169782679217029470e-01 -6.636166216842933618e-01
4.207658629132275507e+00 -1.130789874621125901e-01 -6.706224378043075252e-01
4.213948103914236576e+00 -1.092542195637157959e-01 -6.775972500826762390e-01
4.220237578696198533e+00 -1.055040170184903953e-01 -6.845392931642616530e-01
4.226527053478159601e+00 -1.018284015844356377e-01 -6.914468051138508153e-01
4.232816528260121558e+00 -9.822736402977420844e-02 -6.983180280153586938e-01
4.239106003042082627e+00 -9.470086418837066200e-02 -7.051512085699127574e-01
4.245395477824044583e+00 -9.124883102632805332e-02 -7.119445986926383751e-01
4.251684952606005652e+00 -8.787116271975289883e-02 -7.186964561078998948e-01
4.257974427387967609e+00 -8.456772674364322617e-02 -7.254050449428230962e-01
4.264263902169928677e+00 -8.133835997188104683e-02 -7.320686363188507739e-01
4.270553376951890634e+00 -7.818286878827689079e-02 -7.386855089411583641e-01
4.276842851733852591e+00 -7.510102920863871712e-02 -7.452539496856889212e-01
4.283132326515813659e+00 -7.209258701380864831e-02 -7.517722541836232564e-01
4.289421801297775616e+00 -6.915725789362205111e-02 -7.582387274030681912e-01
4.295711276079736685e+00 -6.629472760174072443e-02 -7.646516842277493176e-01
4.302000750861698641e+00 -6.350465212129130510e-02 -7.710094500325241906e-01
4.308290225643659710e+00 -6.078665784126143640e-02 -7.773103612554859154e-01
4.314579700425621667e+00 -5.814034174357563672e-02 -7.835527659664809352e-01
4.320869175207582735e+00 -5.556527160079451078e-02 -7.897350244318128709e-01
4.327158649989544692e+00 -5.306098618435278746e-02 -7.958555096749588831e-01
4.333448124771505761e+00 -5.062699548327166676e-02 -8.019126080330747364e-01
4.339737599553467717e+00 -4.826278093325379881e-02 -8.079047197091161481e-01
4.346027074335428786e+00 -4.596779565608881402e-02 -8.138302593193530443e-01
4.352316549117390743e+00 -4.374146470927057356e-02 -8.196876564361128548e-01
4.358606023899352699e+00 -4.158318534574562825e-02 -8.254753561255327998e-01
4.364895498681313768e+00 -3.949232728369028028e-02 -8.311918194801499737e-01
4.371184973463275725e+00 -3.746823298622093540e-02 -8.368355241461337135e-01
4.377474448245236793e+00 -3.551021795093925459e-02 -8.424049648449667416e-01
4.383763923027198750e+00 -3.361757100919911256e-02 -8.478986538894066616e-01
4.390053397809159819e+00 -3.178955463499594236e-02 -8.533151216935226380e-01
4.396342872591121775e+00 -3.002540526335697318e-02 -8.586529172766518281e-01
4.402632347373082844e+00 -2.832433361812572784e-02 -8.639106087610695095e-01
4.408921822155044801e+00 -2.668552504901342340e-02 -8.690867838632267972e-01
4.415211296937005869e+00 -2.510813987780311993e-02 -8.741800503783482279e-01
4.421500771718967826e+00 -2.359131375357327934e-02 -8.791890366582512106e-01
4.427790246500929783e+00 -2.213415801681961614e-02 -8.841123920821888360e-01
4.434079721282890851e+00 -2.073576007233720458e-02 -8.889487875205692724e-01
4.440369196064852808e+00 -1.939518377073070482e-02 -8.936969157913796646e-01
4.446658670846813877e+00 -1.811146979841607094e-02 -8.983554921091456702e-01
4.452948145628775833e+00 -1.688363607596820096e-02 -9.029232545262870779e-01
4.459237620410736902e+00 -1.571067816467596953e-02 -9.073989643666879878e-01
4.465527095192698859e+00 -1.459156968115211776e-02 -9.117814066513503235e-01
4.471816569974659927e+00 -1.352526271985350984e-02 -9.160693905159628114e-01
4.478106044756621884e+00 -1.251068828335393304e-02 -9.202617496202517566e-01
4.484395519538582953e+00 -1.154675672021887763e-02 -9.243573425489519657e-01
4.490684994320544909e+00 -1.063235817031951344e-02 -9.283550532042763592e-01
4.496974469102505978e+00 -9.766363017429476392e-03 -9.322537911897204044e-01
4.503263943884467935e+00 -8.947622348936840053e-03 -9.360524921850919000e-01
4.509553418666429891e+00 -8.174968422509237137e-03 -9.397501183126092394e-01
4.515842893448390960e+00 -7.447215139540681178e-03 -9.433456584939526879e-01
4.522132368230352917e+00 -6.763158525210491434e-03 -9.468381287981426642e-01
4.528421843012313985e+00 -6.121577214982139303e-03 -9.502265727801056938e-01
4.534711317794275942e+00 -5.521232947363931276e-03 -9.535100618098342196e-01
4.541000792576237011e+00 -4.960871062756923300e-03 -9.566876953919938309e-01
4.547290267358198967e+00 -4.439221008207141703e-03 -9.597586014758930917e-01
4.553579742140160036e+00 -3.954996847882960576e-03 -9.627219367556804075e-01
4.559869216922121993e+00 -3.506897779090957686e-03 -9.655768869606828897e-01
4.566158691704083061e+00 -3.093608653646676143e-03 -9.683226671357689774e-01
4.572448166486045018e+00 -2.713800504410147484e-03 -9.709585219116445565e-01
4.578737641268006087e+00 -2.366131076798453931e-03 -9.734837257649801012e-01
4.585027116049968043e+00 -2.049245365081929851e-03 -9.758975832682847962e-01
4.591316590831930000e+00 -1.761776153272457497e-03 -9.781994293294279386e-01
4.597606065613891069e+00 -1.502344560407640507e-03 -9.803886294207337926e-01
4.603895540395853025e+00 -1.269560590035062348e-03 -9.824645797975617434e-01
4.610185015177814094e+00 -1.062023683698908949e-03 -9.844267077062960336e-01
4.616474489959776051e+00 -8.783232782287703991e-04 -9.862744715816718077e-01
4.622763964741737119e+00 -7.170393666308997292e-04 -9.880073612333657440e-01
4.629053439523699076e+00 -5.767430623789851192e-04 -9.896248980217897673e-01
4.635342914305660145e+00 -4.559971669020544921e-04 -9.911266350230181210e-01
4.641632389087622101e+00 -3.533567400644223246e-04 -9.925121571827961731e-01
4.647921863869583170e+00 -2.673696734328980364e-04 -9.937810814595720021e-01
4.654211338651545127e+00 -1.965772661242883490e-04 -9.949330569565030258e-01
4.660500813433506195e+00 -1.395148030263273250e-04 -9.959677650423867101e-01
4.666790288215468152e+00 -9.471213518346015335e-05 -9.968849194614782805e-01
4.673079762997430109e+00 -6.069426213884874627e-05 -9.976842664321514675e-01
4.679369237779391177e+00 -3.598191602271375662e-05 -9.983655847343684275e-01
4.685658712561353134e+00 -1.909214717686188032e-05 -9.989286857859310809e-01
4.691948187343314203e+00 -8.538911104574847528e-06 -9.993734137074810064e-01
4.698237662125276159e+00 -2.833656534501345412e-06 -9.996996453762321266e-01
4.704527136907237228e+00 -4.859143869368395791e-07 -9.999072904684072061e-01
4.710816611689199185e+00 -3.887430426783604698e-09 -9.999962914903766098e-01
4.717106086471160253e+00 1.049595835325624672e-07 -9.999666237984726758e-01
4.723395561253122210e+00 1.333309520139626630e-06 -9.998182956074875838e-01
4.729685036035083279e+00 5.173402407793880187e-06 -9.995513479878392893e-01
4.735974510817045235e+00 1.311644514401044791e-05 -9.991658548514165128e-01
4.742263985599006304e+00 2.665202157321629851e-05 -9.986619229260991215e-01
4.748553460380968261e+00 4.726750314880286119e-05 -9.980396917189705563e-01
4.754842935162930218e+00 7.644746039154209124e-05 -9.972993334682305200e-01
4.761132409944891286e+00 1.156730753562588596e-04 -9.964410530838252456e-01
4.767421884726853243e+00 1.664215553182703017e-04 -9.954650880768203258e-01
4.773711359508814311e+00 2.301655478905708600e-04 -9.943717084775358650e-01
4.780000834290776268e+00 3.083725577824848675e-04 -9.931612167424751503e-01
4.786290309072737337e+00 4.025043654095246132e-04 -9.918339476500842578e-01
4.792579783854699293e+00 5.140164475640591167e-04 -9.903902681853699042e-01
4.798869258636660362e+00 6.443574003550092601e-04 -9.888305774134262816e-01
4.805158733418622319e+00 7.949683646247689183e-04 -9.871553063419098439e-01
4.811448208200583387e+00 9.672824540497259585e-04 -9.853649177725125607e-01
4.817737682982545344e+00 1.162724186130907741e-03 -9.834599061414860399e-01
4.824027157764506413e+00 1.382708916278957076e-03 -9.814407973492756954e-01
4.830316632546468369e+00 1.628642275198028018e-03 -9.793081485793172503e-01
4.836606107328430326e+00 1.901919609770356782e-03 -9.770625481060739581e-01
4.842895582110391395e+00 2.203925427643612170e-03 -9.747046150923660557e-01
4.849185056892353352e+00 2.536032845720845481e-03 -9.722349993760771580e-01
4.855474531674314420e+00 2.899603042751183399e-03 -9.696543812463099821e-01
4.861764006456276377e+00 3.295984716219609294e-03 -9.669634712090630080e-01
4.868053481238237445e+00 3.726513543730003170e-03 -9.641630097425260004e-01
4.874342956020199402e+00 4.192511649077184689e-03 -9.612537670420646663e-01
4.880632430802160471e+00 4.695287073198516938e-03 -9.582365427550003645e-01
4.886921905584122428e+00 5.236133250197727573e-03 -9.551121657052659142e-01
4.893211380366083496e+00 5.816328488627611412e-03 -9.518814936080446376e-01
4.899500855148045453e+00 6.437135458220943907e-03 -9.485454127744862296e-01
4.905790329930006521e+00 7.099800682252107101e-03 -9.451048378066141398e-01
4.912079804711968478e+00 7.805554035715139317e-03 -9.415607112825186142e-01
4.918369279493930435e+00 8.555608249496408912e-03 -9.379140034319616293e-01
4.924658754275891503e+00 9.351158420723006820e-03 -9.341657118025002982e-01
4.930948229057853460e+00 1.019338152946262614e-02 -9.303168609162434377e-01
4.937237703839814529e+00 1.108343596194806026e-02 -9.263685019173805157e-01
4.943527178621776486e+00 1.202246104050120994e-02 -9.223217122105814569e-01
4.949816653403737554e+00 1.301157656032255437e-02 -9.181775950904235151e-01
4.956106128185699511e+00 1.405188233331727127e-02 -9.139372793619527924e-01
4.962395602967660579e+00 1.514445773911845747e-02 -9.096019189525322846e-01
4.968685077749622536e+00 1.629036128347400095e-02 -9.051726925151024616e-01
4.974974552531583605e+00 1.749063016415194904e-02 -9.006508030230050421e-01
4.981264027313545562e+00 1.874627984452600926e-02 -8.960374773564998563e-01
4.987553502095506630e+00 2.005830363499024743e-02 -8.913339658811424426e-01
4.993842976877468587e+00 2.142767228235941540e-02 -8.865415420181447237e-01
5.000132451659430544e+00 2.285533356739821720e-02 -8.816615018068991727e-01
5.006421926441391612e+00 2.434221191062917525e-02 -8.766951634597996978e-01
5.012711401223353569e+00 2.588920798656033778e-02 -8.716438669095261105e-01
5.019000876005314637e+00 2.749719834646989144e-02 -8.665089733489595991e-01
5.025290350787276594e+00 2.916703504988969048e-02 -8.612918647638720948e-01
5.031579825569237663e+00 3.089954530491434079e-02 -8.559939434585832618e-01
5.037869300351199620e+00 3.269553111747331570e-02 -8.506166315747215600e-01
5.044158775133160688e+00 3.455576894968580282e-02 -8.451613706032931050e-01
5.050448249915122645e+00 3.648100938742969424e-02 -8.396296208901989910e-01
5.056737724697083713e+00 3.847197681723740076e-02 -8.340228611354069121e-01
5.063027199479045670e+00 4.052936911264409109e-02 -8.283425878859237423e-01
5.069316674261006739e+00 4.265385733009342817e-02 -8.225903150227817928e-01
5.075606149042968696e+00 4.484608541452034247e-02 -8.167675732421884049e-01
5.081895623824930652e+00 4.710666991470881942e-02 -8.108759095310497100e-01
5.088185098606891721e+00 4.943619970853569551e-02 -8.049168866370355335e-01
5.094474573388853678e+00 5.183523573819744101e-02 -7.988920825333805098e-01
5.100764048170814746e+00 5.430431075551325759e-02 -7.928030898786194713e-01
5.107053522952776703e+00 5.684392907740520862e-02 -7.866515154714270874e-01
5.113342997734737772e+00 5.945456635163445802e-02 -7.804389797007821317e-01
5.119632472516699728e+00 6.213666933289037353e-02 -7.741671159916232448e-01
5.125921947298660797e+00 6.489065566930239670e-02 -7.678375702462204577e-01
5.132211422080622754e+00 6.771691369946535033e-02 -7.614520002814337829e-01
5.138500896862583822e+00 7.061580226003982830e-02 -7.550120752620831377e-01
5.144790371644545779e+00 7.358765050401110119e-02 -7.485194751306055716e-01
5.151079846426506847e+00 7.663275772966063326e-02 -7.419758900332297236e-01
5.157369321208468804e+00 7.975139322032603895e-02 -7.353830197428393722e-01
5.163658795990430761e+00 8.294379609499587247e-02 -7.287425730787614464e-01
5.169948270772391830e+00 8.621017516980532258e-02 -7.220562673236625706e-01
5.176237745554353786e+00 8.955070883047967778e-02 -7.153258276377646441e-01
5.182527220336314855e+00 9.296554491576870805e-02 -7.085529864706011649e-01
5.188816695118276812e+00 9.645480061192703014e-02 -7.017394829704971526e-01
5.195106169900237880e+00 1.000185623582653671e-01 -6.948870623920121448e-01
5.201395644682199837e+00 1.036568857638241886e-01 -6.879974755015249022e-01
5.207685119464160906e+00 1.073697955351853167e-01 -6.810724779812002971e-01
5.213974594246122862e+00 1.111572854154656148e-01 -6.741138298315207944e-01
5.220264069028083931e+00 1.150193181345000176e-01 -6.671232947726237761e-01
5.226553543810045888e+00 1.189558253702505120e-01 -6.601026396446256772e-01
5.232843018592006956e+00 1.229667077214397081e-01 -6.530536338071762925e-01
5.239132493373968913e+00 1.270518346914382146e-01 -6.459780485384251092e-01
5.245421968155930870e+00 1.312110446833963939e-01 -6.388776564336438035e-01
5.251711442937891938e+00 1.354441450066388164e-01 -6.317542308036899756e-01
5.258000917719853895e+00 1.397509118943140449e-01 -6.246095450735396071e-01
5.264290392501814964e+00 1.441310905322916724e-01 -6.174453721811068441e-01
5.270579867283776920e+00 1.485843950993113727e-01 -6.102634839765423980e-01
5.276869342065737989e+00 1.531105088183543905e-01 -6.030656506222500379e-01
5.283158816847699946e+00 1.577090840192389987e-01 -5.958536399938082484e-01
5.289448291629661014e+00 1.623797422124018119e-01 -5.886292170820334180e-01
5.295737766411622971e+00 1.671220741738597693e-01 -5.813941433963695227e-01
5.302027241193584040e+00 1.719356400413032948e-01 -5.741501763698448890e-01
5.308316715975545996e+00 1.768199694213110906e-01 -5.668990687657763372e-01
5.314606190757507953e+00 1.817745615076280519e-01 -5.596425680864604013e-01
5.320895665539469022e+00 1.867988852104838227e-01 -5.523824159840349246e-01
5.327185140321430978e+00 1.918923792969010056e-01 -5.451203476737336295e-01
5.333474615103392047e+00 1.970544525419380688e-01 -5.378580913497449378e-01
5.339764089885354004e+00 2.022844838908321452e-01 -5.305973676038625575e-01
5.346053564667315072e+00 2.075818226319645909e-01 -5.233398888471599841e-01
5.352343039449277029e+00 2.129457885806121942e-01 -5.160873587348659974e-01
5.358632514231238098e+00 2.183756722733971034e-01 -5.088414715946713018e-01
5.364921989013200054e+00 2.238707351733918993e-01 -5.016039118586407275e-01
5.371211463795161123e+00 2.294302098857854133e-01 -4.943763534989610853e-01
5.377500938577123080e+00 2.350533003840570567e-01 -4.871604594676948174e-01
5.383790413359084148e+00 2.407391822465580755e-01 -4.799578811407667622e-01
5.390079888141046105e+00 2.464870029034413601e-01 -4.727702577663501216e-01
5.396369362923008062e+00 2.522958818938292325e-01 -4.655992159178766743e-01
5.402658837704969130e+00 2.581649111331503765e-01 -4.584463689518418206e-01
5.408948312486931087e+00 2.640931551905428831e-01 -4.513133164706019662e-01
5.415237787268892156e+00 2.700796515762197147e-01 -4.442016437903676951e-01
5.421527262050854112e+00 2.761234110387170149e-01 -4.371129214145542119e-01
5.427816736832815181e+00 2.822234178718931452e-01 -4.300487045127053265e-01
5.434106211614777138e+00 2.883786302316001526e-01 -4.230105324051447457e-01
5.440395686396738206e+00 2.945879804618892206e-01 -4.159999280535674471e-01
5.446685161178700163e+00 3.008503754306614542e-01 -4.090183975577179609e-01
5.452974635960661232e+00 3.071646968746210016e-01 -4.020674296583681695e-01
5.459264110742623188e+00 3.135298017534354220e-01 -3.951484952467353429e-01
5.465553585524584257e+00 3.199445226129515873e-01 -3.882630468805463586e-01
5.471843060306546214e+00 3.264076679573691964e-01 -3.814125183068870495e-01
5.478132535088508170e+00 3.329180226302093093e-01 -3.745983239920354646e-01
5.484422009870469239e+00 3.394743482039724869e-01 -3.678218586584214300e-01
5.490711484652431196e+00 3.460753833783355438e-01 -3.610844968288828283e-01
5.497000959434392264e+00 3.527198443867389233e-01 -3.543875923783907922e-01
5.503290434216354221e+00 3.594064254112468437e-01 -3.477324780933785942e-01
5.509579908998315290e+00 3.661337990055023028e-01 -3.411204652388568626e-01
5.515869383780277246e+00 3.729006165256601446e-01 -3.345528431334375274e-01
5.522158858562238315e+00 3.797055085691144471e-01 -3.280308787324493491e-01
5.528448333344200272e+00 3.865470854208989393e-01 -3.215558162192569402e-01
5.534737808126161340e+00 3.934239375075690437e-01 -3.151288766049608059e-01
5.541027282908123297e+00 4.003346358584386477e-01 -3.087512573365886470e-01
5.547316757690084366e+00 4.072777325739773135e-01 -3.024241319139429063e-01
5.553606232472046322e+00 4.142517613012347000e-01 -2.961486495152139686e-01
5.559895707254008279e+00 4.212552377160921346e-01 -2.899259346315153918e-01
5.566185182035969348e+00 4.282866600121990053e-01 -2.837570867104480810e-01
5.572474656817931304e+00 4.353445093964074530e-01 -2.776431798088283553e-01
5.578764131599892373e+00 4.424272505905257891e-01 -2.715852622547097472e-01
5.585053606381854330e+00 4.495333323392330938e-01 -2.655843563187951784e-01
5.591343081163815398e+00 4.566611879239488858e-01 -2.596414578953815111e-01
5.597632555945777355e+00 4.638092356825055940e-01 -2.537575361929218509e-01
5.603922030727738424e+00 4.709758795344103355e-01 -2.479335334343404640e-01
5.610211505509700380e+00 4.781595095115421801e-01 -2.421703645671767213e-01
5.616500980291661449e+00 4.853585022940631322e-01 -2.364689169836902138e-01
5.622790455073623406e+00 4.925712217513898983e-01 -2.308300502509934848e-01
5.629079929855584474e+00 4.997960194879979001e-01 -2.252545958513366142e-01
5.635369404637546431e+00 5.070312353939026018e-01 -2.197433569326066038e-01
5.641658879419508388e+00 5.142751981995870025e-01 -2.142971080691538355e-01
5.647948354201469456e+00 5.215262260352081514e-01 -2.089165950330086619e-01
5.654237828983431413e+00 5.287826269938732393e-01 -2.036025345755761995e-01
5.660527303765392482e+00 5.360426996987759374e-01 -1.983556142198928673e-01
5.666816778547354438e+00 5.433047338740197851e-01 -1.931764920634969906e-01
5.673106253329315507e+00 5.505670109188913752e-01 -1.880657965920052577e-01
5.679395728111277464e+00 5.578278044854171336e-01 -1.830241265034371068e-01
5.685685202893238532e+00 5.650853810589644421e-01 -1.780520505433688672e-01
5.691974677675200489e+00 5.723380005417136873e-01 -1.731501073509528754e-01
5.698264152457161558e+00 5.795839168387659779e-01 -1.683188053158773678e-01
5.704553627239123514e+00 5.868213784467057881e-01 -1.635586224462923510e-01
5.710843102021084583e+00 5.940486290443844908e-01 -1.588700062477698682e-01
5.717132576803046540e+00 6.012639080857423712e-01 -1.542533736133181177e-01
5.723422051585008496e+00 6.084654513944314225e-01 -1.497091107245055730e-01
5.729711526366969565e+00 6.156514917600536263e-01 -1.452375729637149226e-01
5.736001001148931522e+00 6.228202595357915650e-01 -1.408390848375594973e-01
5.742290475930892590e+00 6.299699832372114283e-01 -1.365139399114958796e-01
5.748579950712854547e+00 6.370988901420518991e-01 -1.322624007556377490e-01
5.754869425494815616e+00 6.442052068907538898e-01 -1.280846989018068205e-01
5.761158900276777572e+00 6.512871600875521638e-01 -1.239810348118153549e-01
5.767448375058738641e+00 6.583429769018830369e-01 -1.199515778570091756e-01
5.773737849840700598e+00 6.653708856699276364e-01 -1.159964663090558568e-01
5.780027324622661666e+00 6.723691164960465816e-01 -1.121158073419998152e-01
5.786316799404623623e+00 6.793359018539227856e-01 -1.083096770455623387e-01
5.792606274186584692e+00 6.862694771871697963e-01 -1.045781204496975120e-01
5.798895748968546648e+00 6.931680815092244874e-01 -1.009211515603762738e-01
5.805185223750508605e+00 7.000299580022795176e-01 -9.733875340660043396e-02
5.811474698532469674e+00 7.068533546150699287e-01 -9.383087809861395678e-02
5.817764173314431631e+00 7.136365246592916156e-01 -9.039744689729477256e-02
5.824053648096392699e+00 7.203777274044286250e-01 -8.703835029470509410e-02
5.830343122878354656e+00 7.270752286708088707e-01 -8.375344810575685583e-02
5.836632597660315724e+00 7.337273014206388000e-01 -8.054256957097277736e-02
5.842922072442277681e+00 7.403322263468486986e-01 -7.740551347028928886e-02
5.849211547224238750e+00 7.468882924595013906e-01 -7.434204824787353505e-02
5.855501022006200706e+00 7.533937976695913585e-01 -7.135191214789306235e-02
5.861790496788161775e+00 7.598470493699951422e-01 -6.843481336120255110e-02
5.868079971570123732e+00 7.662463650134002657e-01 -6.559043018287874505e-02
5.874369446352084800e+00 7.725900726869718849e-01 -6.281841118055936368e-02
5.880658921134046757e+00 7.788765116835910662e-01 -6.011837537351050892e-02
5.886948395916008714e+00 7.851040330694284419e-01 -5.748991242236931726e-02
5.893237870697969782e+00 7.912710002476744942e-01 -5.493258282948204618e-02
5.899527345479931739e+00 7.973757895182229660e-01 -5.244591814976846261e-02
5.905816820261892808e+00 8.034167906330941245e-01 -5.002942121203856479e-02
5.912106295043854765e+00 8.093924073474257908e-01 -4.768256635067180671e-02
5.918395769825815833e+00 8.153010579658116486e-01 -4.540479964758516868e-02
5.924685244607777790e+00 8.211411758838162989e-01 -4.319553918439068829e-02
5.930974719389738858e+00 8.269112101244516788e-01 -4.105417530466131532e-02
5.937264194171700815e+00 8.326096258694501984e-01 -3.898007088619889760e-02
5.943553668953661884e+00 8.382349049851202105e-01 -3.697256162321566758e-02
5.949843143735623840e+00 8.437855465426223889e-01 -3.503095631831636136e-02
5.956132618517584909e+00 8.492600673324585125e-01 -3.315453718418470003e-02
5.962422093299546866e+00 8.546570023730131194e-01 -3.134256015485516189e-02
5.968711568081508823e+00 8.599749054129482984e-01 -2.959425520646575408e-02
5.975001042863469891e+00 8.652123494272867532e-01 -2.790882668736869437e-02
5.981290517645431848e+00 8.703679271070036139e-01 -2.628545365748181928e-02
5.987579992427392916e+00 8.754402513419456966e-01 -2.472329023676019324e-02
5.993869467209354873e+00 8.804279556969235587e-01 -2.322146596265560817e-02
6.000158941991315942e+00 8.853296948807866107e-01 -2.177908615644165782e-02
6.006448416773277899e+00 8.901441452083389549e-01 -2.039523229826475242e-02
6.012737891555238967e+00 8.948700050549037721e-01 -1.906896241079186413e-02
6.019027366337200924e+00 8.995059953034078015e-01 -1.779931145130991821e-02
6.025316841119161992e+00 9.040508597837936255e-01 -1.658529171214116055e-02
6.031606315901123949e+00 9.085033657046347466e-01 -1.542589322922362227e-02
6.037895790683085906e+00 9.128623040767753771e-01 -1.432008419871471337e-02
6.044185265465046974e+00 9.171264901288621596e-01 -1.326681140146278824e-02
6.050474740247008931e+00 9.212947637146122748e-01 -1.226500063519534410e-02
6.056764215028970000e+00 9.253659897116717215e-01 -1.131355715426898313e-02
6.063053689810931957e+00 9.293390584119333164e-01 -1.041136611681867628e-02
6.069343164592893025e+00 9.332128859031579848e-01 -9.557293039149317160e-03
6.075632639374854982e+00 9.369864144417858753e-01 -8.750184257201138252e-03
6.081922114156816050e+00 9.406586128167828686e-01 -7.988867394926591620e-03
6.088211588938778007e+00 9.442284767044136773e-01 -7.272151839405725619e-03
6.094501063720739076e+00 9.476950290137980959e-01 -6.598829222532329002e-03
6.100790538502701033e+00 9.510573202231438206e-01 -5.967673909093623892e-03
6.107080013284662101e+00 9.543144287065209452e-01 -5.377443491070674556e-03
6.113369488066624058e+00 9.574654610510779928e-01 -4.826879287978221196e-03
6.119658962848586015e+00 9.605095523645715838e-01 -4.314706853066303978e-03
6.125948437630547083e+00 9.634458665731142624e-01 -3.839636485198960440e-03
6.132237912412509040e+00 9.662735967090261280e-01 -3.400363746226476875e-03
6.138527387194470109e+00 9.689919651886897967e-01 -2.995569983665190544e-03
6.144816861976432065e+00 9.716002240803146561e-01 -2.623922858494896586e-03
6.151106336758393134e+00 9.740976553615082745e-01 -2.284076877885570130e-03
6.157395811540355091e+00 9.764835711665703633e-01 -1.974673932659576012e-03
6.163685286322316159e+00 9.787573140234158142e-01 -1.694343839297427195e-03
6.169974761104278116e+00 9.809182570800480949e-01 -1.441704886290256496e-03
6.176264235886239184e+00 9.829658043204989593e-01 -1.215364384643598250e-03
6.182553710668201141e+00 9.848993907701599770e-01 -1.013919222332900199e-03
6.188843185450162210e+00 9.867184826904280559e-01 -8.359564225121993847e-04
6.195132660232124167e+00 9.884225777626080012e-01 -6.800537052738959412e-04
6.201422135014086123e+00 9.900112052609898461e-01 -5.447800527581990937e-04
6.207711609796047192e+00 9.914839262150553223e-01 -4.286962774080571408e-04
6.214001084578009149e+00 9.928403335607469682e-01 -3.303555931652688059e-04
6.220290559359970217e+00 9.940800522807452522e-01 -2.483041894021865612e-04
6.226580034141932174e+00 9.952027395337142979e-01 -1.810818073820004588e-04
6.232869508923893243e+00 9.962080847724561483e-01 -1.272223190404698470e-04
6.239158983705855199e+00 9.970958098509420386e-01 -8.525430788034856953e-05
6.245448458487816268e+00 9.978656691201807094e-01 -5.370165176967889710e-05
6.251737933269778225e+00 9.985174495128847916e-01 -3.108410743389132812e-05
6.258027408051739293e+00 9.990509706169118376e-01 -1.591789643149023637e-05
6.264316882833701250e+00 9.994660847374507995e-01 -6.716292402231288846e-06
6.270606357615662318e+00 9.997626769479290854e-01 -1.990209376500039698e-06
6.276895832397624275e+00 9.999406651296307569e-01 -2.487909340403398313e-07
6.283185307179586232e+00 1.000000000000000000e+00 -1.469340813861419195e-47
